data_pca1,data_pca2,data_pca3,data_pca4,data_pca5,data_pca6,data_pca7,data_pca8,data_pca9,data_pca10,data_pca11,data_pca12,data_pca13,data_pca14,data_pca15,data_pca16,data_pca17,data_pca18,data_pca19,data_pca20,data_pca21,data_pca22,data_pca23,data_pca24,data_pca25,data_pca26,data_pca27,data_pca28,data_pca29,data_pca30,data_pca31,data_pca32,data_pca33,data_pca34,data_pca35,data_pca36,data_pca37,data_pca38,data_pca39,data_pca40,data_pca41,data_pca42,data_pca43,data_pca44,data_pca45,data_pca46,data_pca47,data_pca48,data_pca49,data_pca50,data_pca51,data_pca52,data_pca53,data_pca54,data_pca55,data_pca56,data_pca57,data_pca58,data_pca59,data_pca60,data_pca61,data_pca62,data_pca63,data_pca64,data_pca65,data_pca66,data_pca67,data_pca68,data_pca69,data_pca70,data_pca71,data_pca72,data_pca73,data_pca74,data_pca75,data_pca76,data_pca77,data_pca78,data_pca79,data_pca80,data_pca81,data_pca82,data_pca83,data_pca84,data_pca85,data_pca86,data_pca87,data_pca88,data_pca89,data_pca90,data_pca91,data_pca92,data_pca93,data_pca94,data_pca95,data_pca96,data_pca97,data_pca98,data_pca99,data_pca100,data_pca101,data_pca102,data_pca103,data_pca104,data_pca105,data_pca106,data_pca107,data_pca108,data_pca109,data_pca110,data_pca111,data_pca112,data_pca113,data_pca114,data_pca115,data_pca116,data_pca117,data_pca118,data_pca119,data_pca120,data_pca121,data_pca122,data_pca123,data_pca124,data_pca125,data_pca126,data_pca127,data_pca128,data_pca129,data_pca130,data_pca131,data_pca132,data_pca133,data_pca134,data_pca135,data_pca136
-0.567255016186642,0.259227228047584,-0.328939588797848,0.44730578635665,-0.382675845886378,0.269302104296345,-0.271493164334079,0.063568726788183,0.210352415222968,0.0478963303932094,-0.0191693999316212,0.171572190170995,0.266223812266518,0.147815842665214,0.0500081209867978,0.0673858841393845,-0.067537371344782,0.0592495178181499,0.0329292479542903,-0.0406802057139301,-0.010215258036862,0.0616387903823087,0.0619733732359987,-0.180605061407819,-0.021096170975212,0.127996866488587,0.0962914333798086,0.0533304583931228,0.0345415674874773,-0.0424296717012086,0.0570687161120784,0.0289074355815058,0.0384759913842558,0.146527032485752,0.0251942544299997,-0.197404933474107,-0.0185304492003278,-0.00432082825364318,0.127551885495555,0.063744914408436,-0.0447756928712236,-0.0530606758384514,0.114171202938865,-0.0943339055435694,-0.00157834363130246,0.00586279038724664,0.0759341558661097,0.0011094558833702,0.0742757534484249,-0.0439905294458247,0.073755949522086,-0.0292637585967757,0.00166823251395822,0.0223424711852389,-0.0598241440610264,-0.00808064994239716,0.0316325807377571,0.00225762523503689,0.0129686454583624,-0.0810147338162349,0.00576187686846109,-0.0644657966578892,0.0272118173524663,-0.14284493089037,-0.0337349269262574,0.0522929426224717,-0.0278713372381915,0.0622760342698649,-0.0414326884050593,0.00975872484495211,0.101487907846357,0.0446352764384574,-0.0364872719680149,-0.0672551007699897,0.00186841630151991,-0.000649199339345669,0.107143737254248,0.0516803455195385,-0.0238831969707105,0.0344369562866582,0.0423849272691458,-0.0822261972510974,-0.0885847297744254,0.0666578514202611,-0.0398152998744868,-0.0164048427290751,0.0777213295135217,-0.133402063045587,0.0720224987138026,-0.0454003118730085,-0.0422250138649981,-0.220182292610515,-0.0331348819046195,0.160738818873915,0.19995342392575,-0.0279303200443543,-0.0885135736088244,0.127986005665427,0.0747988470080942,0.0199322185304197,-0.0638203088875966,0.20644035529317,0.11108565669685,0.0610128125395938,0.0051314140649848,0.185067158204449,-0.0231768696153967,-0.0740897197205383,-0.0706876436149607,0.0565917571268644,0.140406094539168,-0.0226835789914462,-0.0238067549898744,-0.00407212133694004,-0.025211809699241,0.0446208486705946,0.0122964689867361,0.0132258584847187,-0.00148071413885002,-0.0248935811905062,-0.0334013267063546,-0.0275892781371813,0.0201462432261082,-0.0021765573167413,-0.00718286535611887,-0.00496952362603213,-0.00727329047373367,-0.0107078291508155,-0.0275826841680819,-0.00634087470966639,0.0102607907188176,0.017884170171562,-0.0206462249847866,-0.00597226797190472,-0.00400321510828976,0.507389162561576
-0.600601357190485,-0.0776790673835646,0.211467273695442,0.200617203180763,-0.35441830556758,-0.241262919862921,-0.403555889490932,0.161642097017796,0.14245273166706,-0.0128732748234103,0.0836675579573864,0.389466244339219,-0.0623543781645053,0.0544979661777044,0.0056050052237872,-0.0183056420718545,0.255451548684991,0.0858393599280339,0.20488286829236,0.0374366402379118,-0.0372654631510468,0.0941067462926085,-0.00125863968835437,-0.0435175994452202,0.172916304501911,-0.137336601067181,-0.000743241154566745,-0.261004804956509,-0.0571237356284484,-0.162457893417672,-0.121362066930466,0.0211924199905245,-0.121628377579682,0.0844527786873221,0.0873306011684225,-0.057790729374759,-0.0154272696816804,0.0920640877795706,-0.0211444163414557,-0.104775454310309,-0.12050417253542,-0.0255335672617568,-0.0581221031501852,0.00823825419342034,0.0195551505658127,-0.0352572848713073,0.134574408355996,0.0791337210230391,-0.0147025137725474,0.0509401649904619,0.0820910088460544,0.0691881056530037,-0.16611362827025,-0.00133917306740882,-0.0127363526183273,0.00127075556300244,-0.0398783756603421,-0.211076367995174,-0.0397915443059615,-0.189020065633125,0.0413111956479949,0.122518285267278,0.0455805377822666,-0.0181273310790438,-0.0771037575563511,-0.154166893860721,0.0249106178036189,0.0572174687005448,0.0947895020221462,0.0549665115271668,-0.0767850154801874,-0.0284903017489956,-0.0632642028704512,-0.0696453883063885,0.0792275645194176,0.0588930404413909,-0.029922268971099,-0.0245304786248623,0.0076066769059409,-0.154227322526187,0.00585679586213326,0.0158337628552708,-0.0338549524352291,0.0494654451585579,0.0565475910390627,-0.0525026823792056,-0.0998005167124386,0.0573260692104103,-0.0347840483917337,-0.0912528064487232,-0.0758397352980179,-0.0433539094371167,0.00985969390641799,0.101638256647731,-0.0282839943512656,0.0381398688123378,0.084375384480333,-0.0201173202472304,-0.0287310936306477,0.0502722419132786,0.0218284905954928,-0.0273692280405337,-0.0297667448224536,-0.0910062524186293,-0.0195560209411337,-0.049460818091004,-0.0125056028705514,0.111624100492847,0.0112414967979672,-0.0182710953727592,-0.0767356677528367,-0.00527391972663188,0.00929586237431107,-0.0217183232411985,-0.0211749128805706,0.00102571864613413,-0.0195665998526015,0.00881607748158643,0.0155227578384431,-0.000284136953356919,0.0288515341947245,0.0513972021733534,-0.0194692712120606,-0.0339645379223826,0.0405319682829915,-0.0295587319899433,-0.0269218710362931,-0.0143964387476748,0.00408266062992489,0.00376725149686923,0.0257226932024831,-0.0032346433630848,-0.0484779383808501,-0.0141971016466582,0.00982779566259289,0
-0.561919770068231,-0.0428318971837305,0.157858019987041,0.115663752528161,-0.232239986560659,0.0630760307678007,-0.37969525117263,0.13953972557539,0.12654007799971,-0.05080876022093,0.0531177790997556,0.367509828143098,-0.0343227193271398,0.0716958229869848,0.0516517278178026,-0.00832131112320049,0.187273385795066,0.119495294193609,0.210806680884674,-0.0490671712199072,-0.0224282281062169,0.167734984309509,0.0391051676684109,-0.132106701909821,0.183414971944368,-0.120647101874977,-0.0373063043340536,-0.20352048213817,-0.101460678106471,-0.124097888866059,-0.0841887478558171,0.0285624239300875,0.014362349072775,0.162431935991386,0.13281340506722,-0.126673332397869,-0.11480306951091,0.190448097502808,0.095272053009572,-0.0414698386802734,-0.101358681012029,-0.0518603888897383,0.0768893049792373,-0.106866530126244,0.0329389634989535,-0.0294822544750184,0.142109061590953,0.0737389824872379,0.0281110805577602,-0.0105531653881982,0.090248580013561,0.100012158862276,-0.117840985445794,-0.0112304922816587,-0.0481532809834909,-0.117720623016051,-0.042647834453769,-0.248958421368803,-0.0160927848425738,-0.317770076241201,0.0638057616638472,0.0924924344492176,0.0990555250294949,-0.100363566607361,-0.0215163760297039,-0.0231973196176616,0.0882002224201308,0.0923927276386783,0.0395906556059737,0.0342352566277927,0.0693100687295797,-0.00781580349914747,-0.0957825707867123,-0.0872977485642782,0.162161678303296,-0.0494575021742011,0.0101138540134279,0.0508279846579549,-0.0458392013663344,-0.0985054686473561,0.0342653525537202,0.0458334029145082,-0.0628367325120619,0.0790913578948133,0.0536843082224317,-0.0134355973281503,-0.0727410669355388,0.0100280242127342,0.00219290510262067,-0.110626830390165,-0.0427582346084143,-0.210363081509207,-0.0405738432914444,0.17919777225961,0.133423650587394,-0.0105306793548775,0.0379269137921314,0.0303427636015012,0.0457271912255627,0.0889039186796689,0.0176439729378613,0.1002577612047,0.00675064329204309,0.0069945364518732,-0.0403738828645212,0.0483066850371574,-0.048090511685181,0.0356155521329493,0.0297436385412898,-0.0518818330554287,0.0494249844878419,0.00529012592474822,-0.00408835377403942,0.0134834963999231,-0.0451653952652061,-0.0078028836616612,-0.0039772732482218,-0.0443178928837759,-0.00606415122980733,0.00595616933247892,0.0162177480395947,0.0471880218878586,-0.0356606612989943,-0.00184227978762759,0.00271863932129761,0.017960829256459,0.0127567265462493,0.020112540611645,0.0425800267350436,0.0117049749268401,-0.0143360557215995,-0.0285173502281486,0.0318880036636232,0.0109424212512082,0.00520576766182023,0.616282084521649
-0.767947206332531,-0.184983631968149,-0.260639648925967,-0.411556069157648,-0.324326718341116,-0.22087505881563,-0.551893510408075,0.143091123272467,0.241980003752519,0.120231398020422,0.155526261943027,0.307814793495764,-0.127241697113934,0.0418016422879507,-0.0674285679591435,0.149116741718041,-0.0272765832111701,-0.0626025091762002,0.0808165255410476,0.0880742137173678,0.0787189939014899,-0.0249442488970411,-0.0336803099658807,-0.11994275681939,0.16152504655154,-0.108441714120496,-0.0193066075190981,-0.14109665286813,0.131764452785098,-0.045597619861164,-0.0865067842710594,0.0597938443024706,-0.105009004814619,-0.0113232963454536,0.00426357249014659,0.193712603631957,0.11499606955799,0.205920928438521,-0.0292242148721603,0.145167528909365,-0.140940275653168,0.0469978081612626,-0.027557167721,-0.0212051899225089,0.124879247625069,-0.142119624405523,0.0561475083006165,0.119678858585183,-0.00606949500200652,-0.0766638568751176,-0.00373016653249044,-0.0360688511881637,-0.225103579484166,0.0919649021797345,-0.110810143390432,-0.0997272445510308,0.040883686106791,-0.222690423096131,0.169377008905401,-0.0504472649251652,-0.0136350345517212,-0.0524902528033682,0.0542851440498106,-0.0106067342453057,-0.0897789364613024,-0.0608804425402581,-0.020877259019329,0.0592650249560846,0.165259902880733,-0.00540630011494405,-0.168141664165865,-0.0694349069878038,-0.0317647763521885,0.0559011605933548,0.0247129818472921,0.160410769326105,0.050029147113976,-0.0170455536585941,0.164719797862534,0.167826664249684,0.0364599002411299,-0.108436816373047,-0.0548401352851351,-0.0327876570758307,-0.013358702205828,0.0326975311462396,0.18743878723426,0.0339639133240858,-0.127528715143131,0.013859709090036,0.00368507380498873,0.144988059616711,-0.0930829856087143,-0.07979682793188,-0.0286448361146066,0.00470477376280887,-0.148981314842074,-0.186655416124336,0.0234733779398134,-0.123900456035517,0.0469172790240805,0.145939767148975,-0.0255451858368932,0.202944882425879,-0.0428218573856797,-0.0788990421716503,-0.0655171718601713,-0.137992933366934,-0.0819065387806796,0.0148425848747299,0.0288787532805884,0.0989747739246096,0.0215855608958022,0.00185872639990907,0.017476540499939,-0.0142813903902515,-0.0354260566767165,0.018829167956955,-0.0210286627248643,0.0222517827084391,0.0142560947203689,-0.0329296968138262,-0.0210220435099155,-0.00677244302397949,-0.00407564615449362,0.0255589311891854,-0.0061233730638619,0.003133491292559,0.00332444263457889,0.00134093676543223,0.0109476945268762,-0.0196424044530177,-0.0079950938698249,0.00249641959592346,0.00941387874573494,0.14519056261343
-0.836178088728446,-0.115110845713535,-0.299026360778291,-0.382391942666005,-0.275238921705457,-0.148207464897921,-0.800485756966788,0.234705445840029,0.27076399508651,0.0158230824100115,0.114653103140759,0.220884534215746,-0.20860373371995,-0.0345977800214502,0.020070979922362,-0.156870561009559,0.0546631776099862,-0.0505670443638545,0.0995618319667399,0.0459194416979359,0.01499296170429,0.0559278041206301,-0.087717449382241,-0.0559906303800729,0.210060121355282,-0.149554881073097,0.0517200632641428,-0.187884602543403,-0.065443339246828,-0.155962109920663,-0.110113946175861,0.073517198308976,-0.0615902654102638,-0.0275954171783958,0.111993386396176,0.0364539059029594,-0.009101563667714,0.110422132183625,0.0343925960375885,0.0812352343481565,-0.100239568569411,-0.00227465833713096,-0.071523733688027,0.0679519759240234,0.149031904233295,-0.116266148060157,0.0518918957608401,0.0593451003733416,0.0553662888625032,-0.0512731303002767,-0.0172010445941847,0.121275610525296,-0.178264932330838,0.114094151747509,-0.04464578149894,0.0332104143852589,-0.127926691400727,-0.291632114052603,0.0460316245115032,-0.14317347719902,0.0722597438691071,-0.0260627588146404,0.023572543997918,0.0252705513286206,-0.0374545289987516,-0.111507254891868,-0.0286958955468635,0.0316266098473243,0.167862816343202,0.079285319616211,-0.0602322446310479,-0.0470172014838507,0.0164063122845937,-0.0165931698336769,0.062844361612926,0.0637421779886771,0.0818894938187388,0.00712955382772495,0.0445251556426494,-0.048958042772077,0.0482764146918193,-0.0217224175434297,-0.00425557436449072,-0.00802634061826195,0.0843075285257088,-0.034953988964242,-0.00215909900569562,0.0598957963658226,-0.111827766585955,-0.0164490702966194,-0.059176574756617,0.0190553947896772,-0.0471041144687895,-0.0480627088751442,-0.0287295433817862,0.0691093781254928,-0.0408797108151297,-0.0767797762144111,-0.0524989095826081,0.0354750725248811,0.051945973149352,0.0590081262908723,0.0189345982540131,-0.0467585227233109,0.00678545861770848,-0.0595863645971681,0.0449749218652636,0.0599873021397136,-0.0244476455788826,0.0256684008278945,0.00503888729697453,0.0104558212687481,0.0344962528420427,0.0491298365013289,0.0597789922880867,0.0722685511448418,0.0205646328858739,0.00469738956602405,-0.0233099730824582,0.00883311921714941,-0.0506434354617939,0.0341701398992811,-0.0202855744599811,0.0314407535667634,0.0325260186185792,-0.0386837882696663,-0.0389010323328283,-0.0136027888685292,-0.0127337190505521,-0.0286935703843817,-0.0323075247611697,0.0294813154270876,0.0153379181433377,0.00770926903194309,-0.0188312802589805,0.36738397718434
-0.364171369109654,0.259724438258032,0.332895445868507,0.0849654666699034,-0.405231903460913,-0.200305168580619,0.345724502582993,-0.0143005130453537,-0.0896153761442536,-0.221641417314568,-0.0904477627050451,-0.150129854946647,-0.13689692594327,0.205036420413804,0.128347207184193,-0.131681409525352,0.101169236477728,-0.0640853856623375,-0.0197451559033562,0.24065541784034,0.295996698213303,0.167110301075834,-0.101676278916348,0.105832583679595,0.0417474506334454,0.111326233807479,-0.109974802061921,0.115038233892425,-0.0771408645654431,-0.14291175430779,0.0463287244566203,-0.0704639351239052,-0.0366537754392127,0.096860403860764,-0.0892383036717991,0.00609333610463024,-0.198656206535813,0.155301222379896,-0.0123491290689293,-0.0582214318769473,0.263335678157782,-0.0461481689077196,-0.0331795467197266,-0.0679418048864178,0.030060559470695,-0.03554305044353,-0.103890272764187,0.0989578717814207,-0.0991740364484553,-0.0091690624946776,-0.235500215527329,-0.0799044129072859,0.00137054751243211,0.0368618790384913,-0.198612006499139,0.0472900321705431,0.114743798670729,0.0331371769624299,0.0410736583361203,0.0364584945732038,-0.128182960450271,0.132832476498192,0.362936105714,-0.343404502508598,0.267836675986887,0.0235438150848616,-0.1788172858088,-0.0273635893139762,-0.104829243822342,-0.0547982474688571,0.351066662665331,0.0596858633551208,0.0773576453147847,0.32400609242418,-0.123681868788854,0.138328502314591,0.154395216190893,0.0149141815061142,0.189052589891781,0.104191062340704,-0.217458396758579,-0.153390254537163,0.405715153152301,0.0354926513599417,-0.0120460824533457,0.164006508349577,0.0764691041525042,0.0597414060361062,-0.0827096496615251,0.00114028240444637,-0.223281257450456,0.0391089390368259,0.00972279926209462,0.12997104878918,0.030396751729518,0.156499947509366,0.0841674901767513,0.00833253237931378,-0.091010837007228,0.140759313210264,0.043810545539057,-0.00777744064758206,0.0218448277963063,-0.0287316957895079,0.036924076903745,-0.00873408895089974,-0.0297332252932478,0.0076518468826475,-0.050929404514325,-0.0271040755925684,0.00374974829042124,-0.00166571380939935,0.0408907835938317,-0.022469171598296,-0.0147935693097834,-0.0167086985008973,-0.0121090628511679,-0.00678009421813536,-0.0284429742754533,0.0166085094652073,0.00835022846837134,-0.00623868476055345,0.0010489014801827,0.010678286879003,0.00480414992772847,0.0100129907935802,-0.00478549016257673,0.0015279751887145,-0.00115755029189897,0.00057830698988081,-0.00152627751987878,-0.000492859511769758,-0.00116820840577744,0.000946497443865017,0.000261010423818214,0.310344827586207
-0.0561327464209754,-0.154552958750353,0.888459013479341,0.249788922054317,-0.38666081768147,0.0796760867141862,0.259041451961944,0.19195920153051,-0.15920186063837,-0.236679161396224,-0.186801327016355,-0.237251100390943,-0.225381372782746,-0.168709529108257,-0.116739266182955,0.029210598812001,-0.254008440550395,-0.316736182269523,-0.0603041929932076,-0.0106754251911502,-0.232548699949049,-0.196939516074043,-0.128137169049206,0.146390472936292,0.0181782805962553,-0.016079658142276,-0.182047174683569,-0.186860776022622,-0.58790597578545,0.0201567846490903,0.4434065323916,-0.124091957862287,0.377718360730277,0.445031510518151,0.0243432013422719,0.0205992262631233,0.469413615608038,-0.606525608995694,-0.15330140184837,0.00818003722014784,-0.128959581655368,-0.421577165836227,-0.262996148624193,-0.325492916124387,-0.354254872559623,-0.271781449064593,-0.103811784721585,0.395646201576532,-0.61196571319872,-0.107276111703944,0.340532354666264,0.537937000217618,-0.255911239899821,-0.105782912258048,0.0128767692908293,0.282143945063328,0.111543938102979,0.126315192212265,-0.0127856668056222,-0.201822919701254,0.206523056377023,0.0239899864464782,0.181259562363311,0.0819968456521532,-0.0955847310568702,0.0554277360951655,-0.0160788329700182,-0.301449363740724,-0.0287203330637485,-0.0447792059131658,0.0955473943070778,0.119824746550982,0.023956957033575,-0.0415288426417147,-0.0571702731563542,0.0401687466220538,-0.0394699128113369,-0.0605780389477157,-0.0279122148181675,0.00996870688755302,0.078450293720592,0.040999202586932,-0.00602501241975861,-0.0142797959120728,0.0100050905193813,-0.0720084008652376,0.175648088321031,-0.0847628507538351,0.0586636876633052,-0.0353771720812972,0.0725739496668834,-0.0183128386404607,-0.0594361496114582,-0.0269175055662695,0.0166820321120953,0.100006029663088,-0.0621059688384758,-0.0312850926400798,-0.0277792215116469,0.0368005934693354,0.00329185724708281,-0.0675872920809242,-0.113718401156569,0.0388949414813972,-0.0157301305574544,0.0151320172087579,-0.0472752304324751,0.0183351274270344,-0.0332330384573995,-0.0229100282680165,0.0398617802557828,-0.0219221896177368,0.0310112225464199,-0.00415786635911549,0.0251860745467408,-0.000401489726824316,-0.00616195121583784,0.00577238810743643,0.011220237012029,-0.00171838628026348,-0.0119974688685847,0.0077768284784335,-0.00285899812719471,0.00117860711089751,0.00031268152407611,-0.00277930804874202,0.00499440259047614,0.000238649824305346,-0.000716500581893463,-0.000868297023042579,-0.000419415533453545,0.000295409851794971,-0.00017508895949745,-2.50747993495636e-05,-0.000157217448474842,0.450350012963443
-0.608508399534041,0.13478063371773,-0.29472445462579,0.393849151848863,-0.378203175366745,0.052596951274935,-0.351726642291759,0.088625727537423,0.133953943258726,0.00914643710584319,-0.0328200649178859,0.180493196756683,0.0992774941654241,0.0897530073662502,-0.0334003381731544,-0.0192814041329835,-0.0682477947690025,-0.0329192886575592,0.113517821244999,-0.0598330480972117,-0.137200136897951,0.100512621734615,0.0420832813156861,-0.0598140637939216,-0.0160895553110439,0.0835387599703676,0.127444403067101,-0.0641767019806807,0.0119194567790932,-0.142543771439122,0.0269651215963545,-0.0667528039542023,0.0171181156389443,0.00199215174690438,0.127495381218978,0.00120907118822068,0.0213981996217627,-0.11690865530485,0.0501847576694559,-0.115393207780955,0.0406954636543156,0.0492656576734028,-0.04352911591207,0.0760503951681815,-0.000601488075778273,0.0853884304216057,0.00907810290976664,-0.0861279676031436,-0.0196779826877317,0.0216472220046872,0.01466396078645,0.00794706079842978,0.000775696376166556,0.0546279728636057,0.0699443528744442,0.10914115407642,0.0366717935786184,-0.0118705016790232,-0.0732967628914708,0.0481112715658375,0.0214344892112329,-0.0519383765784709,-0.00557704411443788,-0.00586466439126278,-0.0420869802520775,-0.0116159184842923,-0.0659775266222882,0.0454986643631556,-0.0369940945779339,-0.00951969704866973,-0.0244744232320114,-0.0962684569796317,0.0201796764763965,0.0744680050523539,0.0480965839088578,-0.0138789611928344,0.00603335837904002,-0.00139053474894978,-0.0589153930910699,-0.104818383265669,-0.00162177973364985,0.00832738851215319,0.0217578465806127,-0.0323765102537636,-0.0306149454070843,-0.0562045367913656,4.64434697533583e-05,-0.0331760543315355,0.0620392614394719,0.00758259912210038,0.00720430485343283,0.0269934978270704,-0.000713676326897176,0.043613102304775,-0.0512871489872949,0.00591004185668127,0.00425511494831922,0.0491137064487756,0.0327891332092793,0.0205983819932582,-0.0462146407508926,-0.0160678440196185,0.00675986781180339,-0.101929054415465,0.00636176755325995,-0.0190674010496592,0.0528017281504288,-0.00822863855720141,-0.074514419236484,0.0734853668702748,0.0457990686894707,-0.0525634284871053,0.00659176650899042,0.0168113766429569,0.113077846525048,-0.00517570658311908,0.143977443846795,0.0523277924473796,-0.0364431592685528,0.0993442947544357,0.0434175538975041,-0.0516088837830879,-0.00792106206106158,-0.0125598656973952,0.0620715551214676,0.0259296839491877,0.0624832947784735,0.00371956355018405,0.0096902093000681,-0.0248699765781414,-0.0138335712871513,-0.0178786120841653,-0.0120394775566604,0.00723343146315462,0.000361075539464402,0.382940108892922
0.161020856106195,0.221884371435486,-0.0495788496203322,0.315749570910198,-0.180000323221041,-0.30525098597436,0.478242597496045,0.15173458981977,0.0796524759118399,0.0672651414233273,-0.220103163833796,0.142120486698083,0.1479057045502,0.211192516959754,0.149449439873179,-0.106064022642051,0.0172952514738536,-0.435187798254729,-0.0530035800837451,0.000347270880189072,-0.0538146158136297,0.127908547441038,0.272362800819809,0.051474700899391,-0.016393256715597,-0.178365476337149,-0.310307734675735,-0.0116698962455481,0.169080095146022,-0.0440649854896759,-0.176998398229411,0.144118790239556,-0.183661391741295,-0.00872744519410879,0.0648120706408954,0.0652650990426602,0.138449161608451,0.0601593494459841,-0.487725134506028,-0.105817038910604,0.246703693475565,-0.252188194870447,0.228128054847007,0.109105581355413,0.125165835525178,0.140282851294351,-0.188964692769046,0.0258882874908127,0.112756813842961,-0.138070800466117,-0.115081746802394,0.0604098774301591,0.302414964189124,-0.152880121190246,-0.0693200244931236,0.163234858246262,0.0325182163448143,0.017771853799749,0.0352440645135539,-0.045428817369757,0.182471041703233,0.235346784248838,-0.0821220070801491,0.159051827883441,-0.325150961348099,-0.263735472868686,-0.0876183895862419,0.152640328569635,-0.151676489624793,-0.0307585859801278,0.0339082521193177,-0.0131629875435989,-0.0391228819674696,0.148889259759289,0.179010145930073,-0.116700694241354,-0.00218497710136557,0.0410169666566204,-0.15973612255634,0.00193895891767291,-0.0768593503409819,-0.0695522848864563,-0.105912567220489,0.0556747336336847,0.0754745309598756,-0.0385061729638164,0.00410623927043937,-0.112337425215898,-0.00825370158719256,0.0346652946536219,0.0376027986363775,0.0507894624692195,-0.0929553825390237,0.0925985765301947,0.0358725300117598,0.147581037806899,-0.00653585885326929,0.0497153469718282,-0.00136986415246284,0.0127498227090104,-0.0283441468216265,-0.111900546145709,0.0335145166299501,-0.00492141996834332,0.00537122890604256,-0.0740469721222905,-0.0364588047297353,-0.00278574258754798,0.0285238806377628,0.0565209261333912,0.0694189459253009,0.0694272324793102,-0.0366957338965311,0.0571544587834483,0.0599905169814191,-0.0510914225470318,0.00887474996635202,-0.0322015732752641,-0.0672316388910528,0.0236270199642284,-0.0574989465292037,-0.0146537270574006,0.0226300437698052,0.00838642668804214,-0.017060996553105,-0.00626442087482659,-0.0363967146629517,0.015865290447979,0.0171014498765845,-0.00491122836096087,0.0283328186850501,0.00137103821935099,0.00497805252567035,-0.00534582378074765,0.000349000250007748,0.39331086336531
-0.377282452238449,0.594564333306135,-0.00986189099109313,0.352983910726441,0.594885972579668,0.216011191154903,-0.361354792022565,-0.47846813841113,-0.24541817388961,-0.127789379788536,-0.301182752216107,-0.103968679498106,-0.00187759553751551,-0.110517557943307,-0.279641596367044,0.325892466000256,0.192506806988502,-0.209718548690351,-0.0261280084913237,0.325508708675043,0.0736096452405348,-0.0556944987066029,-0.0393762066179752,-0.0867351172474733,0.0682587163390996,0.122831088371815,0.0834117256579529,0.132680923896286,0.0657382447792427,0.0218130409715487,-0.341505674270497,0.0235703032750041,0.0768292268364121,-0.162494367181152,0.102249047211109,-0.0226491435440851,0.131237692275615,0.0918009001024606,-0.0911620296744682,-0.102565047621057,-0.00326755067847273,0.130166056249052,0.153979368551723,-0.0181884398343109,0.0723857723687989,0.0380517882892228,-0.0074727453132235,0.164069544546559,0.00185853608179564,-0.123882831246837,0.168757016792002,-0.194787743268828,-0.200049131873456,-0.0983227209736186,-0.181607212495533,0.135045815714758,0.258866905059594,-0.107359083774335,0.0418812730065981,-0.166210193567488,-0.182623232760702,-0.206990559691939,-0.0173997918615662,0.269334004889359,-0.0635566256565389,0.0971798266973355,-0.0876421482767788,-0.113882055681578,0.0550356660944962,0.277169055763522,0.218330450277913,-0.0485175340035889,0.18875445303269,-0.235945500937521,0.0179993157803971,-0.162490308968951,-0.0401832888343343,-0.166660015870026,0.0917881738631357,0.0278437148844389,-0.01608453750398,0.0856546848088021,0.0547642015212712,-0.140675480520654,0.0305362591907166,-0.111882189974979,0.0263815812794534,-0.0236111564007612,0.0833997958564629,-0.0308440779560979,-0.0118525071460427,0.0461371766480751,0.00421973932933261,0.130666575998227,-0.154671425076571,0.0631106850195944,0.105473594350948,0.028310093957373,-0.105921879506956,-0.00012279501333242,-0.0841429957080317,0.0729499083444883,0.200363000517969,0.147470732177452,-0.0615725618144201,-0.0687321366581126,0.0400185241241783,0.0998494304083144,0.0444073441014288,0.0196088527228791,0.0218843578430613,-0.0496528789456969,0.0718810391197099,0.0226624007140954,0.0134796989397982,-0.0869501890569632,-0.00418585839391762,0.0176762860620869,0.0292088718787624,-0.0159712744780382,0.0026314897681218,-0.0300269106806423,0.00310532039534971,-0.00552826159115641,-0.0131646601906107,0.00666777304960527,-0.00619134427897145,-0.00272480363270949,0.00103338991803721,0.00413540737905231,-0.00509653964929444,0.00280838361410743,0.000604631477791143,0.00112685652235861,0.000843647481992057,0.569613689395904
-0.504736113351237,0.29374282573911,-0.409209657899591,0.386134258410335,-0.477276717489677,0.308896219302917,-0.279459858503414,-0.0176378218343718,0.30533740885464,0.0796634764931132,-0.013745628391398,0.117430116183891,0.248730289933855,0.0494044850726472,-0.0104249231381598,0.02897312436079,-0.0895086409942889,0.0823005391774998,0.091670968870844,-0.213841269318352,-0.0690955759161819,0.135202874887516,0.120497184543107,-0.213021479632046,-0.0443937070742173,0.159477018381933,0.0597099782537451,0.0363034854373964,-0.17108476565431,-0.0662015603622977,0.014079428796734,0.0295991866402346,0.105625152397904,0.235110199660861,0.0674527853575676,-0.164112857870666,-0.0734462016495355,0.0423855799427743,0.172037060889261,0.0774927533363644,0.00604742047208056,0.0086222663043539,0.297711442674501,-0.0765066794855074,-0.02833492974369,-0.0278860914387259,0.00672943995519369,0.00144516975357351,0.204351872618393,-0.174840763353081,-0.0869012723510291,0.173823710941079,0.044659682038561,-0.122293089669742,-0.066317410778679,-0.135542235189269,0.00290352360182794,-0.0775045193137036,-0.146182626125698,-0.161698284762411,0.0897269983968508,0.000563040108466766,0.0201757309364009,-0.224376569028892,0.161644594834276,0.254570823427218,0.113630682335883,0.128976016377837,0.0701424783068695,-0.0886793582315262,0.157009692992433,0.0196368695352939,0.1777196041412,-0.324403346309091,0.209441566299246,-0.0434605014853059,-0.101604333811325,-0.0747043030906295,-0.0884829697228798,-0.0191578081354218,0.123734698230441,-0.0801201235836118,-0.030183146862455,0.0527710467628205,-0.00783157358228337,0.192429826392643,0.0320586767880643,-0.242225412713779,0.0722118553052567,-0.230853353509677,-0.203842934100271,0.234188412568979,0.158617880625574,-0.00142738234396358,-0.134365234769497,0.0350191766360664,-0.0882425134727362,3.97369123449838e-05,0.120714096540049,0.00103702941009923,0.0768308284630954,-0.120959801473732,-0.0212398996302953,-0.0176545528830323,0.12476285193413,-0.0404928240993688,-0.0562977573590359,-0.0423974688057603,0.0156000025219929,0.0644744010097719,-0.0495374904444339,0.0273448414469339,0.0356173139081348,0.0489447791446087,0.0194934436511536,0.0120420071349988,0.0039241007043362,0.00191099492662148,0.0200642398141219,-0.0403880024737875,0.0127886738907274,-0.00443647336329494,0.0144526642780056,-0.000389479904053255,-0.0179554141349333,0.0129152521255595,0.000656709840216034,0.00393611438353959,0.000680535156547162,0.00108491624766571,-0.00153082485672105,0.00338322355918566,0.00019465540703542,-0.000746633784895813,-0.000594839931694669,0.284417941405237
-0.0445933462731572,-0.681959344193185,1.0255843532903,-0.649090409786016,1.23894675647131,0.866178044531253,0.0631647333234456,0.118294961676107,-0.215711336847005,-0.265091748623646,-0.299427350751907,-0.225252842222725,-0.150227315045768,-0.172331297933404,0.438236988499602,0.0190096564903049,-0.19033918953885,0.389456314565369,-0.247700930292154,-0.212461797592517,-0.488678526704659,-0.315912957415534,-0.0598658271284711,-0.305422813311357,-0.0983788300448917,0.217730593333234,-0.0433903032515306,-0.098351796184223,-0.0468135050696558,0.160271037038669,-0.409777816731144,-0.0304277842877636,0.0519745541506069,0.466277887529668,0.196507924299047,-0.159339832293005,-0.384695828994365,-0.0658713280454134,0.0262689382354949,-0.290260882373423,0.160980436609726,-0.0525735973746962,-0.0872742988034043,0.179933724027645,0.143632426352443,-0.164549315457312,-0.0607402584610522,0.0644022084245274,0.164998010719895,-0.0854305129611096,0.13553608432437,-0.447598444414143,-0.293572825988108,0.212345105463895,-0.370857067349743,-0.207569657330536,0.557279124448262,0.155390429052345,0.0389497970549519,-0.222794020829169,-0.0164781819075256,-0.0248910640431057,0.018489761868282,0.0564567679489492,0.267595238774857,-0.258178482417864,0.0159013793465755,-0.0396149819080087,-0.188158628755409,0.00633923434620653,-0.046693911178773,-0.0737815281952476,-0.137687241933572,-0.0876260793452693,0.0910039715650315,0.248449117580588,-0.0316163990674617,0.0681440704526373,-0.0245088924531741,-0.0591021836078577,0.0913651446504145,-0.0951732544442963,-0.158809718429126,0.106943759021537,-0.1062823643366,-1.56937779035879e-05,0.0646362588112531,0.0334567257143657,-0.0941506071229122,0.116028182024909,0.0702187318247179,0.00206446441098662,-0.0156964242908915,-0.0544434722796512,0.0072955468140058,-0.0195641374473209,-0.0921772548303585,0.120701810755181,0.00610632453541966,0.0601181447316247,0.0460547525468215,-0.0792428274193738,-0.00984656620978774,-0.00747123833469496,0.0610165878888078,-0.0802065545615354,0.00231595787026199,0.0217124731589851,-0.00937221692365786,0.0193475574753918,0.0366280693244305,-0.0186375303466176,0.0178928915148588,-0.0263602179513733,-0.0174154868906684,-0.0160709875696377,0.0142900548777384,0.00710687174492904,-0.0138843155715906,-0.00828542904235302,-0.00458163099233445,0.00906543120700985,0.00542815610977115,0.00692207262653934,0.00707111071865705,0.00287137195102351,0.000282299521456316,0.00345756391631548,-0.00191746890346111,0.00323875120370489,-0.00149878680958189,0.00130173905892936,-0.000232562506534986,-0.00041140091718463,-0.000518611710476636,0.445164635727249
0.229950069341422,-0.394443070672795,0.193004789243344,-0.640986715243203,-0.180111631272109,-0.717495813648644,0.411954838227501,-0.282997134941686,-0.207689607643133,-0.115199214687047,-0.382442571721574,0.329279783476669,-0.378571548592029,0.322552544534306,0.129981233111991,0.125804411165715,-0.193838380157264,0.0768418879488636,0.15656956760927,0.123808799691636,-0.200519017432876,-0.0692668362576373,0.0352127246107317,0.060834713578654,-0.0114014004949468,0.0599603765152346,-0.223520483874914,0.00435843686515447,0.0237914078516968,0.15778242974849,0.213632451377856,0.321383041703202,0.571095998934435,-0.263082720234797,-0.0667053472668712,-0.430295105818411,-0.0272092811808029,0.38067538621895,0.176244691246387,-0.139059931976659,0.294708102154608,0.123756269491793,-0.0358200896095027,-0.332036203805983,-0.298884021594986,-0.0881708204712934,0.0738695961268881,-0.0282773973189196,0.434379668175641,-0.318496708497032,0.0944425768673788,0.116854853229053,0.208561695151024,0.107843787283535,0.0275066735855754,-0.0580556636301611,-0.163292832145778,0.0145219621658013,0.00113984703416582,-0.246885257087444,0.033885478608824,-0.0438179867766521,-0.0396936015467614,0.0593551278258798,-0.107383332785049,0.105762547145945,0.154707569993088,-0.226237924394453,-0.00391133213736186,-0.00814852031685483,-0.33041439679965,-0.181431104790485,-0.114187620434208,0.235270252988053,-0.0729615585971728,0.156964337983792,-0.152942630545512,-0.0754798736428523,0.120803904430588,0.0075558501867864,0.101663038645065,0.0673396744439698,0.192792673919458,0.0991574054236259,0.00306504105360428,-0.0478993216625576,0.0472813082835901,0.109477892969428,-0.00390622018031745,-0.0699765133409344,0.101689444092373,0.00628159494380072,-0.0104815410625628,0.0462070758763014,0.00847217401245647,0.0571291454410913,-0.0178858052980401,0.0261484219782393,-0.0107074906126224,-0.0932928072525216,0.020575202342693,-0.048269110480784,0.113373458162029,-0.11585556843951,-0.0163696616791177,0.00784411315724825,-0.0714916967001852,-0.0489074923141058,-0.0233617287277102,0.0847936863154888,0.0293132747248186,-0.0462277343167596,0.0557250115065819,0.0415014920271642,-0.0288169292319399,-0.0267769933057141,-0.000469483979418395,-0.00778516805854438,0.029435415456357,-0.0484817235052494,0.0382605254969125,-0.0174445989474168,0.00554512940423465,0.0061767218365777,0.000895208031677146,-0.0129577245835472,-0.00396766525502726,-0.00161814770937685,0.0119216246263675,-0.00751783755650154,0.00484665390445391,0.00269717303743747,0.00177378178149322,0.00288881509724316,-0.00108201526871828,0.725175006481722
1.04285999250798,-0.368579491326636,-0.769363487594436,0.617592570310641,0.0627174067545499,-0.600108479066312,0.029595513465795,-0.308929405666197,-0.279330853692406,0.148444320779628,0.0330843893951213,0.375502504005773,-0.290626638016183,0.0683671853272631,-0.224361167028129,-0.0652785256503209,-0.219973246569889,0.392969773133525,0.277574924497796,-0.14868862552134,-0.179038347291475,-0.23768215754469,-0.102828645303527,-0.285953535917084,-0.244924176446546,0.353729901687625,0.0426447057738192,-0.676367038782105,-0.129631789457419,0.497719130542582,0.128622279570794,0.391259310446037,-0.649052764816539,-0.910175775750814,-0.519666901621944,-0.252304810673876,-0.382451580043591,-0.179912419081409,-0.0227035255717707,-0.0414733288336001,-0.794740359727721,-0.470297049985606,-0.479287786003934,-0.103190996612339,0.0472633257927008,-0.335726218739894,-0.46995843687846,-0.270501861125516,-0.137715702865754,-0.298055375847811,-0.0965220879191146,0.0485072468514931,0.17797732101822,-0.23384271927556,-0.26712857826103,-0.111297991598675,0.0984259767769286,-0.0705553492662017,0.016492705530362,-0.0596779013148135,-0.17432412200087,-0.00153114648921438,0.0950152818899747,0.0173007962651974,0.0575423034585169,-0.0960698849356626,-0.03320549147928,-0.111750498529524,0.0401325288334052,-0.119998253273366,0.0729919613475273,0.111302885999364,0.124678682426611,0.0634358338272117,0.165949104755546,-0.0253493213569919,0.0172609978318432,0.0952581936751015,-0.0426766835716666,-0.041875360942338,-0.070944768505781,0.0167776141863354,-0.0271207267147163,0.0140442856552633,-0.00229968203313702,0.066251817402548,-0.0366777136189175,-0.0337209555947587,0.0422615298364612,-0.0195625891337797,0.0599832011343179,0.00262001285184354,0.0138795187506584,-2.62644273391056e-05,0.00272060631206967,-0.00854015208955437,-0.00176485276394511,0.0256916214276225,-0.00974028384780266,-0.0475259451936377,0.0417163800425061,0.0284543710064321,0.039771830815648,-0.00446299178199599,-0.000444078488549804,-0.0131749821239249,0.0149059594871499,0.0168358915375467,-0.0152443229617098,0.00903852650415781,0.00114670102410692,0.000824924983154092,-0.00278033408224448,-0.00053480412525926,-0.00468195949541172,-0.0135516918920108,0.00774875063336824,0.009320436555811,0.0067345410240763,0.00268679366856476,0.00415673772104565,0.000319444748927488,-0.0021104610961393,0.00129370672482156,0.000738948796234846,7.46126066778576e-05,0.00160840087266626,-0.000741995129574722,-0.0019326469395562,0.00148372582930696,-0.00120199916600283,-0.000350420806335658,0.000263656028330202,6.63971976763954e-05,2.22792791526627e-05,0.631838216230231
-0.27303095564614,0.17939815791973,0.178926709172987,0.791679415876932,-0.380971510047413,0.256392201519857,-0.143913418519669,0.14671653290711,0.318221360758881,0.0380423724118056,0.0558365161164247,0.126295261727905,0.342346540399905,0.0819954818660234,-0.0403130886170976,-0.0732611267725308,0.0419844056734314,0.0661840465141854,-0.113712131609788,0.166221142135283,-0.13434988427422,-0.0246997841074974,0.0300411767787695,0.0267494778306509,-0.0222767780499584,0.124512280934334,0.0973924335199685,0.0142929534624992,0.0949920456877885,-0.107002478450398,0.052094017560068,0.0905533253779303,0.0464660695587635,0.221191071878187,-0.167187784271239,-0.199512996192241,0.0990674659200381,-0.0126917111239036,-0.0353287921586588,0.105573530711174,-0.103627233708384,-0.0905595796066524,-0.0412954394581321,-0.165366193912154,-0.04637444006617,0.130395332309794,0.0493083763150053,0.14069653023154,0.127135066794055,0.016597879319965,0.0152270199036919,-0.116422920170764,-0.0366204393770309,-0.0130221904460394,-0.0292817768628904,-0.122663977133349,0.0439986629760448,0.213774039867404,-0.0102873424966529,0.110265275724194,-0.24485869336032,0.0837401211205006,-0.350583276668197,-0.312259342242268,0.0329710388693049,-0.253894430284154,0.141909043108149,-0.0500987423937692,-0.0733392540297716,0.0331244746551301,0.223142735787994,-0.305665912953796,0.297338099057868,0.128769074253789,-0.185594549920644,-0.0639142899262985,-0.213532378212763,0.526580481088821,0.287772690613921,-0.0964034473055855,0.0688787275973907,0.297842598849469,-0.0978914300940642,-0.0664161215179855,0.19915526641909,-0.147808670285648,0.0221269080219282,-0.169421900662686,-0.160073437987883,-0.0744972372318675,0.0281646955167039,0.0758029087758869,0.0166757066943924,-0.0554809660797798,0.0232494066585157,0.00979727117895314,-0.0287170779241284,-0.0713000824207505,-0.0361752858899149,0.0174392465869463,0.0153030561936506,0.000186296265756872,-0.0030422410393094,-0.0295919062259867,-0.0369737469982378,0.015150842912569,-0.0273730043970391,0.00549627651464976,5.01913605525503e-05,-0.013016998529425,0.0100650145252429,-0.0193930303818696,-0.00429645803778211,-0.000155592988258051,-0.00121966840222091,-0.011524376663676,-0.00904899970632578,-0.00368433495828257,-0.00206935515503053,-0.000432597205946707,-0.0137397866692072,0.00375876462315129,-0.00212568588398571,0.00142068388547904,-0.00140774337422591,0.00385322002653226,0.0025029241136778,0.00128868037249495,-4.35046067689081e-05,-0.000120019165701011,0.000496622213895762,0.000114595067609866,-0.000163415214611683,0.000262301512287804,-5.29787879266073e-06,0.585169821104485
-0.0305570877605527,-0.264158018829246,-0.393707766427138,0.0277777421521259,-0.326344797128054,-0.0325785955360336,0.018165667784195,-0.049649875457274,-0.088603614402074,0.0233186941767391,-0.129486858503006,0.20217016405627,0.177750522087056,-0.0239019941894598,-0.208088964117637,0.344736884815306,-0.210684546854397,0.058721931554368,0.111536175862893,-0.247283675451326,-0.16883669962843,0.050145040098729,0.0267316045543925,-0.156902538222409,-0.107196272735401,0.00114641360031515,-0.234919023043966,0.113587423837192,0.000872365977948802,-0.0848823035621076,0.363863944335233,-0.32142584319261,0.242164956572633,-0.0189407098967139,-0.0673827887319177,-0.136623530860052,0.0185830865862822,0.414815574772135,0.246830361898032,-0.301921757141387,0.478729394900545,0.054254460499433,-0.0266425729958741,-0.098177532745448,0.0256483068219323,0.042700197541074,-0.0675883577895285,0.00428089299971051,-0.141903909112129,-0.0760739505849183,0.0642950549013089,-0.174270231498849,0.120321986076364,0.0538181087904264,0.0170961483248793,-0.123084593823852,0.0278910008312629,0.013444548374339,0.0531489831174246,-0.0726651940964308,-0.01147574850162,-0.08426409512471,0.259813706549733,-0.104710561670582,-0.0369967220421994,0.0986490332655434,-0.0781018938861579,-0.0981776760038669,-0.0543413816094442,0.159936399238806,0.118479620097813,0.19703253853134,0.0142011513298705,0.0840265898370884,0.136876599099549,-0.223341885757998,0.020794509550678,0.121900046868283,-0.101978321834049,-0.0158650391786197,-0.193790530096427,0.0474404024855024,-0.138439496448076,-0.124082941130425,-0.0262594030349537,-0.0468226773466965,0.0331365317368178,-0.00902529347819337,-0.0502909346835824,0.00171245952302945,0.0701699075273599,-0.0614834819022466,-0.0478600698005013,-0.120093821168567,0.0137140107399954,-0.0366087332483023,-0.0746850391330514,-0.00770422108454199,-0.0616507618921168,-0.0493547791073517,0.0321282268383708,0.0711436684433466,0.0216076733311437,-0.0452148507198925,0.028424230237865,-0.0839886698215078,0.0230384333120734,-0.0152861715635402,0.0101721826404916,-0.107368399504047,-0.0127538694664804,0.0614084972194515,0.0101351338325527,-0.0519551900851057,0.0678848508248057,0.0340125382810362,0.000176057927146604,-0.0630446254865741,0.0233959321453068,-0.0541524818859958,0.0327539501426256,0.00704255598915172,0.0542939949185097,-0.077780324823019,0.0163811922508995,0.0170639189995496,-0.0125707127155832,0.0134610116406795,0.0115702634990199,-0.022703535338029,-0.00909013092138408,0.00957674295111079,-0.00185431933621751,-0.00284541794081552,0.00213804656965978,0.372569354420534
-0.657972075254416,0.240202685427282,-0.313086457240355,0.550390346110079,-0.330213326692081,0.0193260116657389,-0.219692605065105,-0.0359284278995013,0.213470584808933,0.102371282199162,-0.0148232820278101,0.101895746615506,0.10095538912407,0.0133550272594022,-0.121251533382673,0.0873259416521066,-0.0161930535233706,0.0131522690221581,0.183347059546576,-0.0948354170077222,-0.091706137824812,0.0652181502794946,0.0151425524934873,-0.114542812226608,-0.108145525644987,0.132714573921131,-0.00189375850235602,0.0338064353491494,-0.00125103424565937,0.0565077512219867,0.0424997397475484,-0.191101171944355,-0.0412841049334744,-0.0151559302707075,-0.0218296325101598,-0.0493430127593977,-0.0771623974421006,-0.156965620841184,-0.0876963766096503,-0.194688920616101,-0.00397469020094084,0.0889036402927592,-0.054965475976692,0.0144675668170595,-0.0126835142970748,0.0223064510278702,0.367219931074632,0.00663051103793732,0.0749273593962081,0.0546017170700693,-0.0161994945162807,0.0756769334421921,0.117396327556688,0.184318969114625,0.0431926094177184,0.0244015691176675,0.0731900519061626,-0.0763455964975386,-0.0424507354921048,0.0982319326792988,0.0769701029577648,0.0854315180932745,-0.0854151465404886,0.149628783603334,0.0837540619698659,-0.0193869002330379,-0.037000427164673,-0.0695073098404241,-0.0446393471968869,-0.0443658513607408,0.040092157767852,0.00760585257624673,0.0625363977882762,-0.0313342999629988,-0.00999431230577488,0.0270849613999117,0.0842167135525663,-0.0268924742917367,0.0276392610169056,0.0806541565139848,-0.0111906069374885,0.0339730961425862,-0.0601507247865077,0.00180084596194568,-0.0649262901023461,-0.0457834004398195,-0.024738520178367,-0.0435642272373197,0.046910470407859,0.0472541835861229,0.0343132608488,-0.0769450620191304,0.0593213571416052,0.0212852831794966,-0.0390463355822116,0.0500210556622061,-0.0507205416199745,0.0446876599312123,-0.0146541382944134,-0.0567468967985989,-0.0446089235143143,0.0431240476533653,-0.0346860533728508,-0.0943570863740608,-0.00670005914305585,-0.0441124298225605,0.0080315341394185,0.0509050101643111,-0.077732972218377,-0.0561653625755315,-0.0445378552667871,0.044838973076052,0.0609150882856289,0.0743786920964874,-0.0638285246075471,-0.0263163856494874,-0.0677156844567752,-0.0146927067580097,-0.0403602896670607,0.00420605521918536,0.0410007134749394,-0.0184440292168597,-0.0361213342934732,0.00526618521742719,-0.0293390515891869,-0.0372396640700819,0.0123638217637734,0.0869316427678754,-0.0392910414500005,-0.0133528103677534,-0.00047032983921928,-0.00698347249547238,-0.00230931551969157,6.63451600731003e-05,-0.00475903690950116,0.206637282862328
-0.496500585999093,0.125975520426679,-0.206623877069218,0.447321101891013,-0.241676174330874,0.0374567380077631,-0.129645687808385,0.00393908206824526,0.085771287984484,0.0697412806293982,-0.0411651049428071,0.193968841902557,0.187355098481955,0.000232469259358548,-0.0464337691519963,0.0971506315646442,-0.0374290033596269,0.0343412066491241,0.100354895269242,-0.0890688776571183,-0.0595969371567675,-0.0340107204368915,0.0166998301095505,-0.0974227064608963,-0.0734885878000826,0.0928022535244712,0.0173034529731238,-0.00446472962021546,0.0491050157475371,-0.0557459472677955,0.0232994275893042,-0.0468124139087395,-0.0700243087937229,0.0701464095428888,-0.0067636266424452,-0.095851349940064,-0.0230807666938726,-0.0297793567706651,-0.00805502321112611,-0.0446272996586476,0.0130772677717461,-0.0212989015518054,-0.0375965018704211,-0.0500640405495012,0.0174498219381466,0.00283471871254855,0.0543921467380245,0.0281156459844336,0.0312763316444697,0.0480523082559159,0.103810878277743,-0.0571334454725694,0.00603003246751873,0.0594147866411,0.000541284710906431,0.0194359363692057,0.0553078947612454,-0.00641358613175669,0.0112431125508808,0.0764428203569313,-0.024836792101743,-0.0149249176696439,-0.048179096909876,-0.012113387594439,-0.0262147054488305,-0.00463714516997524,-0.00193901505949254,0.0342072458761676,-0.0148738846466132,-0.00732870465664089,-0.0249089162979829,0.0422064286338878,0.00178657852056474,-0.0677078182195744,-0.00456485487094478,0.0565536803722162,0.0558912740819699,-0.0388074782509975,0.0185822461157278,0.0189322109383649,-0.0417525530396559,-0.0297795902029442,-0.0660662508372571,0.00352753775857422,-0.049158627384419,0.00422544187254098,0.0354152148985417,-0.0480801809882799,-0.0353207665804786,0.02212326137954,-0.0704706299904415,0.0236031017400752,0.00643164914389652,0.0487908716345922,-0.0102763754628372,-0.0183595384699014,0.0165052154459368,0.0324333315812902,-0.0165772919274655,-0.0395681785957157,-0.0383506072401307,0.0441159027141907,-0.0392764698118184,-0.0466983190078772,-0.0393046564164041,-0.00647870110127317,-0.040041982193745,0.019358043354404,-0.0439305782831405,-0.0292139557188781,-0.0341095145008369,-0.0321216883919612,-0.0149099496957152,-0.0515549824841311,0.0339259604064951,-0.00737034314735626,-0.0513791043527969,0.0586437909652081,-0.00365647359676969,-0.00271539619951265,0.0437829898354587,-0.0194934522801665,0.039366748370385,0.0527277946754073,-0.00813237209376889,-0.05657318823276,0.0153614857066476,-0.0406145589360592,0.00747569551360179,-0.0354101227592359,0.0029328133884566,-0.00791681383607959,0.0301677059024671,-0.0357767177266387,0.0140382253303554,0.0977443609022557
-0.054040819844287,-0.0787118380480141,0.289488490900392,-0.0754907130650348,-0.529085734126621,-0.141743566088325,0.156309690059114,0.196070394449423,0.0982600079938054,-0.0482724834309521,-0.154391602820174,-0.291998716262545,-0.0872531866818463,-0.0700125845911478,0.0868599067844419,0.262375333478891,-0.136247763281044,-0.0989210930405062,0.0414635185049464,-0.0248289427691527,-0.0881221114565598,-0.125879352025266,0.0931173662896488,-0.19950374301697,-0.129120245932642,0.316400045929476,-0.0218237834936842,-0.0394241713509813,0.0783067702666485,0.0960937209667708,0.0492074667104313,-0.118623084011402,0.130614006405436,0.286445376466721,-0.0106934141759941,0.326749981105793,0.0161257950937288,-0.224547321272712,0.541960731929183,0.0495875247731215,-0.155850257436812,0.125191501789228,0.490162389095998,-0.153715280181271,0.210249606290051,0.119889683838089,-0.196702483760038,-0.0753958914490004,-0.0342256799703618,0.239376504154328,-0.395838124721356,0.195925039992658,-0.0575307336232403,-0.115008943183941,0.107222820388131,-0.101616928353801,0.225941678644106,0.228395264778494,-0.209140380660568,0.284648795458924,-0.329849956334859,0.0213488869077788,-0.00231123601183879,0.16256229709227,-0.225835754068855,-0.043391012424035,0.321989053350598,0.00309918736044958,-0.119431418795271,-0.0922586638194701,-0.135737478758301,0.220651679594436,0.0634007049551797,0.113990966832189,0.176367773530357,-0.0361387103789186,-0.0373571046502039,-0.0399168284900935,0.286100723565391,-0.0449830247856483,-0.00623824252774318,0.0897509312176501,-0.0827888666551044,0.37858207127437,-0.0857733590457761,0.0868758871223013,-0.0435476501234074,0.137300495639116,0.114239250446216,-0.0969355206822639,-0.0160197464435107,-0.116557820916871,-0.0124474668865976,-0.0229154671581711,-0.0822686175714733,0.0628592883106964,0.00773230405145737,-0.0593328339507347,0.00180536523673347,0.0541433773361088,0.0282333062204926,0.0375818036388589,0.013520074179749,0.0824296303384503,-0.0433868709091625,-0.0521977479419519,0.0554010573496669,0.0305929738860957,-0.0651703569977484,0.03066534369718,-0.00156383658220684,-0.0156938564626061,0.0267094274695324,-0.00960707500346081,0.00335936729891649,-0.00494640238544514,0.00557312741144728,-0.0264913809702639,-0.0132546445610329,-0.00417914933572813,-0.0104849324913772,0.00484822952422137,0.00848159354790298,-0.0201884880322202,-0.000770979695668157,-0.0115024080526949,-0.001406100785136,-0.00375329366576317,0.00469191021730797,-0.00591002767693967,0.00148477895314999,0.00204381127866594,0.00228002914341347,0.00113743991794951,-0.000718892987731215,0.637023593466425
-0.114847609337955,-0.0139298110425837,0.248010316296006,-0.125304706975073,-0.0678003124335876,0.0415153599770078,0.1459389158683,-0.276643595144633,-0.240536579126793,-0.20751562041677,-0.225920078534116,-0.278238254414564,-0.22461355344502,0.384140716492777,0.127778886682669,-0.214840100671019,0.382464180853656,-0.159748641499823,-0.364048144680396,0.0567047171674861,0.18669511995407,0.0095923784819778,0.138927170548782,-0.0142414666540506,0.256932522699037,0.0584917642738852,0.0149553660114926,-0.0883933893534829,0.243077309627873,-0.0867424595185358,-0.217466954573049,0.128390400690246,0.46180958492079,0.019474131752906,-0.160349506875628,-0.39416750999125,-0.0867984010836212,0.209368683088572,-0.296748028733034,0.0831948203320485,-0.117121564158874,-0.391504220463984,0.451284480791329,-0.0894610729121062,-0.0304055409203638,-0.0617432062099411,0.203299707762018,-0.156471023104294,-0.582388432566773,-0.352478030288064,0.0996450498096515,-0.074725066621755,0.250335414932686,0.0274408719291249,-0.140756561281997,0.173487541745069,0.145014659318097,0.0884294133042208,-0.0145962509365335,0.303193524088176,-0.148468065826545,0.0992488210610377,-0.0501252337708092,-0.24020436671496,0.313865357403828,-0.0493786051433264,-0.11924587497498,-0.00280520659502035,-0.148934763311549,-0.0122088759307714,-0.324022359763628,0.0531547575803088,-0.0349784619236921,-0.0533401377911961,0.0631685034273525,0.0595870968496594,-0.130963702067327,-0.0755669875159479,0.0476403798715727,-0.0940580371715052,0.0439532660333037,-0.0287214160204919,0.046448938410634,-0.0725070813997994,0.03173167756096,-0.171994132525058,-0.100382480474633,-0.0479960885581509,0.06190399443199,0.0253025410479374,-0.077471762469228,-0.0578022331606616,-0.0478422260856401,0.039401599194879,0.0227200369921695,-0.0540177338866053,0.0525988352422016,0.0149680425979879,0.0966683580349317,-0.0991300319199865,-0.0357399298230126,0.0540354319912081,-0.0475295831863496,0.119590592469167,-0.0291876444524667,0.00110606461330859,-0.021857214771307,-0.0381584467228216,0.00333329555029021,0.0200963027602005,-0.136092204713336,0.0107358504790298,0.07809319865271,0.0177889799981939,0.0159600923183314,0.0381385262025683,0.0420863536882146,-0.0221688274115489,-0.0161698323209832,0.0250450792430446,-0.00591612667757235,0.0206775731326382,0.0221888031370002,-0.003867340195684,0.0102764782632176,-0.00719373560166949,-0.0133395350157325,0.0101466809353121,0.00177356674278266,-0.00156429161726336,-0.007433823009016,0.00193077185959774,0.00151851928521031,-0.00129660913257543,0.000301985088718814,0.517759917033964
-0.665923760730375,-0.533166732817359,0.741999824187442,-0.756582821968673,0.460471289960465,-0.155584182060903,-0.51070602552096,-0.0705655256855969,-0.189181261812536,-0.131265185073887,0.13046442102243,0.431808647738981,-0.224597875829941,0.164203516886565,-0.120946124257992,-0.261893682825747,0.15228889106517,0.233103952100844,0.158588312444527,-0.147963287196749,-0.0150808401293407,0.116471839327217,-0.145625673330434,-0.0445561953072344,0.127671900671399,-0.198557570221312,-0.0817343471588625,-0.14063126986496,0.0836186332034934,-0.180075533344531,-0.301050646004338,-0.00172697776058984,0.0954981076047489,-0.294470034239083,0.359427235150257,0.111218628998726,0.300958267661903,-0.224292106114577,-0.033845132802855,-0.205447308038584,-0.148945999038911,0.0365106804092755,0.136519068391526,-0.0376889374516994,-0.269918192502396,0.128270214516907,-0.0655341122264152,-0.145466875626404,-0.0975696275995685,0.00570191663513433,0.140298054013254,-0.0313893093441239,-0.0390198405031491,-0.0651035772349655,0.137338228606833,0.215420255966899,0.181128672437458,0.042792668933341,-0.340721982117149,0.134492205557567,-0.144647226599014,-0.0883154420035575,0.130539129573485,-0.118564624744563,-0.0590922160850851,0.148336192358719,-0.148644190880077,0.211815419839194,-0.342621293666708,-0.122278587678644,-0.0756940201828125,-0.252332053488601,-0.0950983219062357,0.0108330369438551,0.0799779575259129,-0.199507868231628,-0.0543657650389514,0.125368870807142,-0.125088600562239,-0.109992534240642,0.0469815112538121,0.110058338262397,0.0700242752489099,-0.135356250773532,-0.18208339214885,0.171914290519605,-0.0753863441935187,0.0300093603518331,-0.00279604720786594,-0.022226352204746,0.0578691503993495,0.0544212850740512,0.0787684662581928,-0.0998435898533623,-0.00325199479987846,0.0190780799395392,0.00972332000742133,-0.0179448094654097,-0.0335998670173938,-0.026616798318073,-0.0572997900028024,-0.0304089497506846,0.0932817770718735,0.0211960849482997,0.0679369744910127,0.0849997932562913,-0.0357901106416041,0.0288085494438251,-0.1645138533275,-0.0257190431950055,0.0480982141737475,0.0455571814324015,-0.010146177862179,-0.025992763373338,0.0379790851451415,-0.018205695691823,-0.0784045035765657,-0.00529480105498012,-0.0155950970164449,-0.0203743614870297,0.0216905930403191,0.0262225053149553,-0.0157953443036539,0.0216764851299758,0.00825389800720859,-0.00355713507100613,-0.0238176615980991,-0.00584076611284239,0.00041340863625421,0.00638860768243586,-0.00591291417090899,-0.00208829249409518,-0.000747461212969921,0.00347359641834992,1.71274811609841e-05,0.346642468239564
-0.277282403009928,-0.153049141356476,-0.190305622781909,0.150974055382513,-0.289327827657607,-0.0763182701850843,-0.169286983880921,-0.0322019373266699,0.0585909582378086,0.0767165295039737,-0.0737980071015495,0.279783477138529,0.125078900358433,0.119171367015595,-0.168353459847614,0.23381838442846,-0.148645391490623,-0.0524028856218369,-0.0249156513820067,-0.0289012065174709,-0.139198433563292,-0.00517296587284413,0.0522887591599473,-0.0647427635405814,-0.0956029189335881,0.164709607326095,-0.0826561409415082,-0.0257547439094005,0.118730219815766,-0.0645478577856813,0.107544872734157,-0.0988300027809399,0.0410907629370638,-0.067305410444564,0.0692989575823347,0.17856897229974,0.148883081731432,0.180119384648068,0.0828224593275731,0.0406435721585724,-0.0386969966227677,0.0482740970098201,-0.102226136145833,-0.0263841616481949,-0.0197586470479129,0.124448872752243,0.0267977608165607,-0.153984233414129,-0.169623108403981,0.120331327784147,0.0314948250725723,-0.176095627064926,-0.0361175604636228,-0.0371082242329686,-0.0451290637217476,0.0334873863128409,0.158370702638168,0.017747375216316,0.111392821019266,0.0428891445179243,-0.0129381470707729,0.0744196727377609,0.0153339850356413,-0.00650738850623024,-0.148997020203236,-0.0442750267181972,-0.0312275701156291,0.0973761821713579,-0.0978983412789992,-0.156354431454736,-0.102236892714418,-0.0914039280040811,-0.0129126206667987,0.0522216696650755,0.0472345139690957,0.0560888256347769,0.0355817483222823,-0.087879607284109,-0.0855642755493816,-0.12848516468152,0.0381804706542848,0.00496214251411981,-0.0122139121695893,0.0653286918528996,0.0438854839510256,-0.0411563032425226,0.00995161256985442,-0.0567972748526738,0.0274968174643734,-0.001327627217511,-0.0940312151166047,-0.0428395291306989,-0.013754663933702,0.0502968751864147,0.042507620958798,-0.0567254965763673,0.084062817569886,-0.0584344622517671,-0.04018841223393,-0.0025561840548706,0.0308818489404119,-0.0245186332714424,-0.135069203816662,-0.0819700981224189,0.0322394877107379,0.0418985434552528,0.0605750288399473,-0.0902875176225183,0.00562014700475917,-0.0957852781924199,-0.0218823686770842,-0.0483237673996847,0.0419948149205842,0.0245494631728602,-0.0239126819341503,-0.092937002354187,0.0180269144930918,0.170432522302513,0.0153583547328026,-0.0714135837341858,-0.0341652144271303,-0.0614685487852195,-0.0389788235783763,-0.0387000945459308,0.0159160156954891,0.0244192844578238,-0.0476721516923085,0.0068777988775187,-0.0026167582763301,0.0089009670645004,-0.00643972354664093,0.00902207922369893,0.0113445925454705,0.000479236423910064,0.000653663303920014,0.242934923515686
0.0601218514781725,-0.512697885292183,0.286051109857378,-0.515506079914696,-0.0704018669930642,0.0191008141653398,-0.0595172902980817,-0.0310167350023036,-0.054529615784188,-0.036015901977797,0.109798297462713,0.191180314824541,0.547087292061276,-0.0294671864971157,-0.281675655808677,0.218876445627402,0.211211825792401,0.275863585447373,-0.275378332411943,0.033133916796642,0.394860572269045,-0.0119397249851457,0.298290728851245,-0.248259604120186,0.25410284018978,-0.0918164164928706,-0.222741104024787,0.514524497777742,0.0922508243093388,-0.120566753507587,0.172885639052104,0.0133999366374614,0.110817230696042,-0.0395897331570018,0.0395840626477968,-0.253060229276193,0.093094796143553,-0.0604356479101083,0.265604541240318,-0.00786445500898406,0.183948679755351,0.01381907453141,-0.412335216202369,0.0388233013373869,0.0703986603446631,-0.295087511700726,-0.149048382504651,-0.0494397634534409,-0.202370975098868,0.0264456729220355,-0.132199393816245,-0.116025147485104,0.275967756338151,0.0668187754313169,-0.188977291497046,0.18877816493751,0.0181103887603962,0.278083095471353,0.0965965576274962,-0.0436517062304825,0.00972917694475578,0.0436835234288691,0.121279143103112,-0.241168921507823,-0.290506189614197,-0.0286282204894691,0.0525029944275667,0.0230011362394521,-0.0509729866168928,0.189314309100473,0.0235762256274248,-0.0282290250702578,0.0619292346243735,-0.223779870245078,0.227985113172871,0.181791995059089,0.372757742024886,-0.018651408121868,-0.036485561253357,0.0412443632872062,0.110355895835739,0.164372276063395,-0.020318579427821,0.194758219637893,0.130146108384941,0.0362035072394744,-0.122087790398069,0.0992252483157743,-0.105794157471569,-0.0100642318595537,0.0876706821687111,0.0659908145090224,0.0306827026647689,-0.0475174044487037,-0.197965554787906,0.0880238693901014,0.0357906374179135,0.0245760886488397,0.0182986333366402,-0.0906951981648949,-0.074057507275208,-0.0409428528227007,0.0620368239481754,0.00581263382835188,-0.03585007610884,0.104399155780095,-0.0502673259843735,-0.0436431648798749,0.0523090317563027,-0.0626959299549931,0.00302897727436239,-0.0329852260787986,0.0138047220048661,0.00579095361014224,-0.00863618946983373,0.0476209767569657,-0.0138222968055564,0.0115443591404965,-0.0118834516283698,0.0505066010522856,-0.0153495289020323,0.012910342216453,-0.0143413352091867,0.00548053393192334,0.000900346948174083,0.0100999029197533,0.00586005818485042,0.00416266739052585,-0.00756742640721871,0.00129244912492328,0.00250220625003847,-0.00203318973432572,-9.32800728251977e-05,-0.00117480868176644,0.000521856396335114,0.688877365828364
2.14911451778486,-1.12648383376229,-0.610435789006196,0.456216698726385,0.376073959364196,-0.274105467587056,0.529777847396782,-0.804139833059213,-0.79899775824236,-0.208830960837256,-0.678194798091366,0.982154633587789,-0.00945544430218877,1.85069742860761,-0.15422190587352,-1.59160617552254,0.0284535002798296,-1.11451188520776,-0.43399243577328,-0.607024809978512,-0.177898396019827,0.439211018760991,-0.505789804949701,-0.295827716052913,0.608353387947067,0.425815934690094,-0.0160855650881239,0.365485756000156,-0.0423934147912905,0.160042271162446,-0.0204571987089332,-0.00453474744552015,-0.0792062468708458,0.145475101586947,0.0698520758612051,0.290948711058203,0.210439726892516,-0.183612875661342,0.0416295398960979,-0.0180582408195555,0.0188438928662859,0.302529229429392,-0.0833356842779527,-0.021101178793827,0.104149881944835,-0.0337380181566793,0.0416628807042953,-0.011425615120244,-0.00268817344650601,0.210725507553024,0.0658352373821701,-0.0526934031377201,-0.152988125285552,0.121632243184855,0.116145468527609,-0.145352001666203,0.00445714564976066,-0.0329583938971915,-0.0402280047906952,-0.0239222738709856,-0.0642070937937087,-0.0225767486346924,0.0352930937584994,0.0150569470336347,0.020005983422358,-0.0444651814795098,0.0505863140769603,-0.0667273200831758,0.140274515273692,0.0320585698592215,0.0236269893218137,0.0632638010298351,0.0424881633906247,-0.0316543275111805,0.0623960594307604,0.0357687540446827,0.00233678539150798,0.0588240533231749,-0.0122026396273966,0.00659896234797066,-0.0164564528171103,-0.0247254476450313,-0.0410516419993626,-0.0122961166990606,0.0449145664120934,0.0174177459379345,0.0103869291301516,0.00426003824409592,-0.00492477597292952,-0.00578876304093078,0.027316466912517,0.0145322977099494,0.0371205983226652,0.0232958435712275,-0.019081327073239,-0.00598257533173607,-0.00539341649162077,0.00282601529313377,0.000197189836413584,-0.0111251065699324,-0.00599081687147371,0.00559833833586634,-0.0141334301907082,0.00570397559875103,-0.000623545706269309,0.016337960368345,0.00400672107982899,-0.00942699552637844,0.000229274687771095,0.00442117278983144,-0.00674517498752946,-0.00337571657362899,-0.000758642294328275,-0.00356725469889245,-0.0140158859383438,0.00700673048667557,0.00776989743081016,-0.00581386303456257,-0.00065177445702803,-0.000124063615823359,0.00194282019534236,0.000483210022880357,0.00222667959669466,5.05766024368168e-05,-0.00166876594808414,-0.00178562243327849,-0.00114049277042043,-0.000782661135173675,-0.000948039834558245,-0.000159570301456892,-0.000656123578956377,-0.000364881545322852,0.000235256832182083,-2.68419464777661e-05,4.92904894233605e-05,0.751101892662691
-0.193216491049996,-0.124759576452844,-0.264332448104965,0.133884543396537,-0.322840489243724,0.0383058788585957,-0.0827687730815108,0.0580605874782332,-0.0194384319633151,-0.00710560590569258,-0.0428624851305875,-0.0292119900182307,0.300443371210153,0.0863430766496738,-0.0110261733953419,0.181419544154735,-0.0624314113941101,0.0301758670624006,0.462217166909792,0.0120905208987835,-0.13893247483162,-0.19998993599298,0.0718903881732383,-0.281335113490663,-0.22565664506687,0.1792081968414,-0.0756179184356847,-0.014495611263247,-0.00824609790067378,0.106824856456147,-0.0542177999661386,-0.0891426416809434,-0.214386791730484,0.0400290915282796,0.0716918453177466,-0.134396394264145,0.0446725137102423,-0.0125110067387109,-0.183488743738948,-0.0924555313617451,0.0297798493807917,0.15557238289598,-0.110989591932926,0.0172769013926709,-0.0447869578423812,0.0283943739013924,-0.0136565942569495,-0.0679803465230664,0.0580448815806683,-0.0656395324776175,0.165056490726363,-0.114841768347177,-0.0185142574393819,0.0666216128598659,0.29633962275233,0.156514664226638,0.114288725059082,-0.0587482823573461,0.235587443718802,-0.0447051053883288,-0.100585873350785,0.0472132422462407,-0.0424923913282941,-0.137779046407368,-0.0780608609817958,0.0175510072330544,0.308573455043205,0.00805598466621283,0.0313549337984837,-0.192171716505925,0.00470623152848609,0.330505225775766,0.0768001093815682,0.0435949223888816,-0.238702116704537,-0.11610441414131,0.0660740530308389,-0.109579431242033,0.0519205843780078,-0.134803958129269,0.0253656599862868,-0.0366298070186013,-0.104379718661192,-0.102165732669113,-0.166020498858893,-0.189477211025215,-0.142888592244474,0.25096366778386,-0.206774699230381,0.0427687005703969,-0.0566538878917996,0.269828846710899,0.0236073545781122,0.176841882050217,0.00929232475214083,-0.0408302511008349,-0.0181425952444696,0.0936616614248308,-0.0506672862227379,-0.0264970672440771,0.100664341947132,-0.0989304541262051,-0.0609202073670185,0.109072030164965,0.00846580335144504,0.162636209429158,0.0527578473816012,0.024311041778442,-0.0301455106047165,0.0126773576862218,0.0351726116762714,0.024682808894497,0.0417065504545611,0.0405959488433687,0.02476446985758,0.0216705604901149,0.0163609370552541,-0.0312432806317015,0.0180029308257265,-0.00371717905820674,-0.00470923264766375,0.0100092467919626,0.000199510112419268,-0.00469703717873505,-0.00905872200271183,-0.00317583397127992,-0.00520995875218605,0.00621662617028925,0.00451735853593544,-0.00117568248008649,0.00326956188231379,-0.00175372249311611,0.000901092996534119,0.00231469868910305,-0.000499441724153899,0.268861809696656
0.392316543796964,0.420320750509216,-0.543394293375549,1.09222370654709,0.223885601531243,-0.00978486545817412,-0.34393720221593,-0.403199012136324,-0.149922391028464,0.0541736230355061,-0.139051795827563,0.0157573485696195,-0.132975637695474,-0.104933939687029,-0.198096142535585,0.317394828592321,0.130766653668182,0.0187710972754067,-0.05270282094092,-0.0297540633093851,-0.17399204912462,-0.0155529128985734,0.0675519730088209,-0.203217119041602,0.0882299400418306,0.0750655358366191,0.0998367574710247,-0.245047772762433,-0.191546025731702,0.193029866306754,-0.100981250967804,0.00189128886199609,-0.26922122220986,-0.113016831571103,-0.313418248361478,0.0607398655966291,-0.19687060881871,0.140548210376219,-0.137921513869056,0.0041300693334389,-0.0859550515243143,-0.212682471340834,0.0188085836733351,0.730343316019631,-0.19426394383189,0.0948598664861046,-0.0662663716209474,0.440178354169714,0.312167796578078,0.117056329893986,-0.056280986345267,-0.0197899803244832,-0.300996741264563,0.340282369914419,-0.010976190672818,0.197827629916047,-0.0227218452663604,0.192198552098789,0.0662539213375176,0.0692599212257805,-0.0453164860699323,-0.152877011981692,0.126676704672937,0.0220326923560556,0.130313986198632,0.508948460066767,0.248130468263103,-0.125262524535471,-0.176391297554554,0.182029493917213,-0.108618432790893,0.000463077310036827,-0.010067698270794,0.129290002813364,0.139117661881615,-0.0432038061810814,-0.132278686562848,0.0993662780422583,-0.0767286852057605,-0.0240245175281742,0.134083085117011,-0.0733561715363894,0.103747103624585,0.145427109618052,0.078507717986168,-0.0139543716590635,0.0560073845085511,-0.0428074966930559,-0.112343998042962,0.0757156455763063,0.00906386064633293,-0.0963160695250154,-0.0134604920217601,0.11999103528309,-0.0700741059533361,0.0213767376403412,0.0182027685917086,-0.124465831960825,-0.00107784473379796,0.00653805943353792,-0.171288794490209,-0.069227813175188,-0.0738620113191079,-0.00234169046577451,-0.0337529633000455,0.0715055734904473,0.0250870492744706,-0.0363083792321618,0.0161554161245776,-0.00680472095227541,-0.0256883221781846,0.0688702747479202,-0.0215873316474467,0.0133539882877786,0.0299390344464922,0.0282651331588236,-0.017099969500338,-0.00801036911992144,-0.0152289767781213,-0.0131817335789034,-0.000942530564635942,0.00204608258083421,-0.00247006055962928,-0.0030930522225135,-0.00122696305819765,0.0025434243200465,-0.00221565222161186,-0.000787206555026323,0.00619730286281083,-0.00423679844119409,0.000939304016808344,0.00202705501467139,-0.00138738314067458,0.000903312887770256,-0.000528526096839252,0.279232564169043
-0.85640892948505,-0.17757620158897,0.626270839789774,-0.0944426218868855,-0.23553257900008,0.766108092432517,0.147838524037283,0.673744337311602,-1.64002551075747,4.09120878997656,-0.676515459174081,-0.263897145344293,-0.0915302940689898,0.118832926027265,0.128911149647792,-0.168778855365472,0.0880963686381214,0.122739534153297,-0.077484554939102,0.277826584834598,0.153765179466798,0.129104785476715,-0.167921494946517,-0.0373067208550246,0.0303761765758369,-0.112409689522561,0.0693620452627827,-0.0212967516835921,-0.0811069752320751,-0.093003903518502,-0.0559924244829009,-0.0740361041539215,0.0357511372092525,-0.0609116890494604,-0.0277722692413061,-0.00297361861093533,-0.0765291209616958,0.0295841765342644,0.0346154907624839,0.034255162406237,-0.000161053207772155,0.0887843605453643,-0.000308500322038758,0.0185135346413017,-0.0562409462180735,-0.0133862256782631,-0.0291789285363749,-0.000819783456102506,0.00530671768279275,0.0320552251885213,0.00384808749361307,0.052600635852071,0.00539608798106009,-0.0369180832279754,0.0158864965392599,0.0253173500092676,0.000593879208691792,0.00587896539170828,0.0105966749152086,-0.0244552534645475,0.00134132048672847,0.0101767405124738,0.00421128506160034,-0.00629599315336497,0.013025415875336,-0.0214611697755514,0.0122928270264918,-0.0225777503200153,0.00745280806564929,0.00276978896053939,0.00587101188770931,0.000669930188425251,0.00341448699298631,0.00157053034828237,-0.00512702097064905,0.00121956646449615,-0.00664787653903734,-0.00235044291735565,-0.00649232962329714,-0.00213196993629182,0.00673928423821148,0.00925547832036593,0.0105334696815163,-0.00344842630414265,-0.00426381158432972,-0.000605519643229023,-0.00484966698142522,0.00292410537699361,0.00415639241622601,-0.00145185573784026,0.00221501072822632,-0.00449107447829846,0.00147454756499569,-0.00497221593337941,0.000134625530467063,-0.000335871879238875,-0.00217461004469979,-0.000924311073441591,-0.00147162239714581,0.00122286083850356,0.00155786378818579,-0.000946661869820021,0.00134904039261165,0.00108412568914147,-0.00105762281175202,-0.000205100208402733,0.000808755947514214,-0.00197948481025959,0.000356574992374953,0.00216926372083753,0.000134974816890498,0.000338875056006481,0.000244532137830155,3.01639963944187e-05,0.000466678081670747,0.000312603279683241,0.000437958458553776,-0.000173986788217026,-0.000177899815993927,-0.000848124935451231,0.000159353642074414,-8.74889831394155e-05,-0.000519599514158912,0.000149619059297831,0.000240071431066541,0.00011758586065297,-5.14657016600131e-05,6.24110057944752e-05,5.44595273419469e-05,-1.80436898617918e-05,8.37393868392424e-06,3.33626336298729e-05,-9.32694888449798e-06,8.36805199392602e-06,-4.21805526441115e-07,0.575576873217526
-0.503638613210433,-0.851133275303877,0.571966877689257,-1.49007086624393,-0.0860722416985404,0.145608476223807,-0.0677678764874694,-0.0718629046036447,0.0316660840171859,-0.0269740968579942,0.373879336640507,-0.192058432224695,0.350995334812493,-0.190843060246012,-0.595789878160364,0.0673101751507112,0.305070086550443,0.114499750326843,0.0136852269048451,0.272557106079904,0.624572098534331,-0.274059572354848,0.307638530074522,-0.586478073179723,0.254920417868869,0.162351655017374,-0.563271435061887,0.402076457645445,0.0627617266992111,0.68211948862953,-0.0538632225502609,-0.605787628029371,-0.0317291144118512,-0.253549625501427,0.0350020179356537,0.1418063562111,-0.190150701767764,-0.429977654227707,-0.382267273617343,-0.189166450994308,-0.149467727069662,0.268492479860676,-0.210943281305047,-0.00532910004464571,0.218993567114983,-0.106180951439981,0.464452492544725,-0.171797522159781,-0.0215421120458225,0.00990639071606346,-0.0012339276660424,0.170285394151229,0.292245488190028,0.518472412295201,0.180637229483506,-0.0144249229205546,-0.125848041258157,0.305680820721486,0.242318854594474,-0.000916577758438687,0.0393052940217996,0.140176809097986,0.0348749929001508,0.197254904203231,0.103207264961555,0.0332029773104205,-0.0998311699270713,-0.156146774457301,0.133240472064152,-0.127306241221857,0.0274662421298855,-0.150807201886512,0.142192959393678,-0.0498855835821882,0.0926058143424197,-0.118645957943741,-0.222895628124132,0.0443120499467426,-0.010182186210035,-0.0914990670012751,-0.0993374506352617,-0.0395250571555636,0.0241022299219707,0.0527744072764362,0.0368290707711411,0.0434986514074694,0.0308424227439229,-0.0255477349130323,-0.0308311906526471,-0.10306465540952,-0.0438365062006561,-0.0521391623459536,-0.0546470295133491,0.0816453392705343,0.0846392436874753,-0.0317995695505198,-0.0309518956182912,-0.0754400483410199,0.0221955825775638,0.0548935155245064,0.0202384495814546,-0.0287577974697466,0.0388866044256515,0.0587313867059455,0.0506277156172507,-0.0376950293599364,-0.0148059790824819,0.00549498891874206,-0.00449052412999488,0.0145066521575497,0.0197988673807985,-0.00158425625865868,-0.00687304388456789,-0.0321481979420154,0.0135344909766619,0.000980308532375669,0.017155784391099,0.0218528505430395,0.00271449497120683,-0.009681316094731,0.00657509198800951,0.00670095266680936,0.0079972211853517,0.00468495810360457,0.00853741765099756,-0.00169524197237383,-0.00287836426893816,-0.00627261352207562,0.00181238458566542,0.000814722146002569,0.00152302908321136,9.54381497031199e-05,0.000382874756246033,-0.0001067768795595,0.000215880568190715,0.476276899144413
-0.795822467137344,0.256059950943902,0.297296790842095,-0.510355533202216,0.51561317050476,-0.238937338859849,0.213232080978301,0.00776374968963694,-0.0192738741226715,-0.0424566551303908,0.00723223124283332,-0.0788971736417068,0.00169267920850904,-0.064920082529991,0.119506433492756,-0.128958962233983,-0.0386717140925886,0.0710531011744316,-0.0402870332595041,-0.172394067356669,-0.0572121860786108,-0.0737735734627902,0.0331052194740055,-0.198293603566974,0.0121083110160699,0.0252484584474051,-0.0450469796927871,0.0501593311874033,0.0516156729780263,-0.108090995826568,-0.0542900722059471,-0.0162759411792056,0.0982095823202731,-0.0493139421928435,0.0796332596847946,-0.0737974788366255,-0.0183721426066706,-0.0851810795782993,-0.0847474575148034,0.0183009934076556,0.085675947524084,-0.107521269516321,-0.146631556796126,0.0715855038781915,0.155898152320792,-0.0959158909482869,0.00278130257190633,-0.0589257200220378,-0.0677466339418863,0.0871399360710238,-0.010683036206697,0.0126063165107083,-0.0846570678365096,-0.0748911896019361,-0.00116740768535786,0.0442225089202416,-0.026147093325092,0.143455252012714,0.00807978714457886,0.0249443947525417,-0.0151032558941406,-0.0352816313259363,-0.0238066949450517,-0.0626979200553461,0.12371017974241,0.0339904778329747,-0.00262513416371363,0.0609432513303001,0.080473601166249,-0.0145868210358256,0.0311729487619373,-0.0763824034630872,0.0170473431394156,-0.0476844192710829,0.0647679808567772,0.118587656433159,0.04464774497894,0.121906431020493,0.121260275653149,0.0696640866590266,0.0184630080008248,-0.0157868023153914,0.0966498088793256,-0.0385040288957817,-0.0702306020328428,0.00776304976935733,-0.0105628104697599,0.123716050241977,0.0247446930651398,-0.149820295297833,0.0229300031013895,-0.0749005186219931,-0.063436466878152,0.00396692904526315,-0.0677122204556592,-0.0276086068137616,0.0869048506285059,0.0162588937066073,0.0762937082721042,-0.0664708284134349,0.0463402193893454,0.0730172831820802,-0.137941160750536,-0.0561070635410939,0.0191334122007952,0.015795654086674,-0.00841878756569749,0.0880203472050232,0.0399444859156456,-0.0100162340710386,0.0585957579017195,0.0418318336182078,-0.106873781094799,0.12396401039977,0.0908128673146467,-0.00389309954993446,-0.0211671609120708,-0.0715894199803543,0.0495256210039554,-0.0121596675163469,-0.0192358740818227,-0.119416845608012,0.0200312979611665,-0.00854066958241045,0.00744850559509261,-0.0464496644746178,-0.00776472178843648,0.000473786101984479,0.00747193734187385,0.0291768653426347,-0.0188572226067662,-0.00173947758968817,-0.00486825467609906,-0.00092021387964205,0.00466489978889556,0.559242934923516
0.00454257525848961,0.324291943148238,-0.327687197116919,0.580322509602165,-0.652166296142779,0.203747938776318,0.308680760904284,0.0671964377470365,-0.150920018383403,-0.234362372142766,-0.112307373250273,-0.324862097722538,-0.255276001329833,-0.117828522038704,-0.0681847126637202,0.153262956702194,0.171043794554246,-0.172473509500351,0.010641110648222,0.196300756952067,-0.0346432397969879,0.200895151304773,-0.0291384515917749,0.197590454631931,-0.196964938302353,0.257696619996648,-0.0687717991235304,-0.0363477884045431,-0.123291247051348,-0.141727950580674,-0.0181723297469261,0.134605285979007,0.319669101998244,-0.242089875096783,-0.0247139956098517,0.0391550124614444,-0.164469327421698,0.189128378868337,-0.397925669161533,0.0591719528621777,0.00114178363829215,0.355632936103307,-0.124595451454037,0.261326338696514,0.0311314689527593,0.0967032082527165,0.0383742389812517,-0.060236779122635,-0.302448371968292,0.0610379556873727,-0.0854867204213637,-0.396984069704424,-0.0462262300382985,-0.044429217852076,-0.029466947752163,0.0218979625295989,-0.0137746706363225,-0.00859415053677868,-0.130989025163543,-0.0859198949979811,0.429553350946682,0.136336908106726,0.00523509332871941,0.00557761435046263,-0.226208884209718,0.00928549751844577,0.157784980244894,-0.24125343401972,-0.00984455040742587,0.120504812657953,-0.0913293581397016,-0.0334113495406258,0.0571323766000876,-0.0633362824292959,0.144844980400086,0.0659961569584192,-0.0209212767087658,0.0533053842060857,0.0171172171025423,0.0362663559549765,-0.019683455561144,0.143901740145628,0.0190658274863594,0.0778200785072764,0.11730622879238,0.0449501935842195,-0.00323766589544333,-0.0599495839210999,0.0312070858803422,0.132779350086152,-0.116215084184893,-0.0566393154624212,0.139649253239066,-0.0501547409314809,0.045579499794848,-0.0612088975350555,0.094908434389959,-0.00929468968336243,-0.166513021717503,-0.0778214729415725,0.107792830952735,0.0716030383996276,-0.0529223773616193,0.0865072665315864,0.231758716072507,0.000300606408308618,0.0582863562480879,-0.0418565295064561,-0.0796737625069996,0.0282342464501605,0.0375304966432818,-0.028670574417511,-0.0433361121213579,0.0299621097385591,0.0105255820622734,-0.0232189755844407,0.0121830966564002,-0.0360467824786166,0.0271973374541485,-0.00228539312457644,-0.00159346000089588,0.0355871360305765,0.0058809661208167,0.0264385562660647,-0.00671050364136962,-0.0195222022026584,0.0162508325107322,-0.00376077193578661,0.0024691427567752,0.0019406442296611,0.00354629483723249,-0.00616056324616412,-0.00332406453379089,0.00184515223544643,0.000237020127065252,0.41923774954628
-0.436279848082802,0.739677930330954,-0.253982791127497,0.124569108199645,-0.0923117758134069,-0.581017506165692,0.509549531857387,0.19127272466655,0.0965517949042031,0.00600910680131453,-0.161705600593959,-0.00740207208395734,0.0815336705160267,0.109691596836187,0.133878541240584,-0.0630941162680391,-0.0789115868925364,-0.207266464162904,-0.064462997608828,-0.0578950282652684,0.0184627507682085,0.018894981075163,0.116103141070424,-0.0528931531360971,-0.0450843358060604,0.0170480427622175,-0.0108059793878785,0.0407132500321338,-0.000193740936878585,-0.0821535367983518,-0.03730609285693,-0.0327583444274315,-0.0541556804137953,-0.0616276018757653,0.0536313114060363,0.0443699673546733,-0.00519748011272934,0.0245220284162389,-0.203843575879927,-0.00461029025498169,0.188499649033374,-0.122765021527264,0.160323818716521,0.0253536643006294,0.0353228052499612,-0.0765666337789362,-0.0733080321981842,-0.00282527228451202,0.0230170243920687,0.066052358282469,-0.0413084476138865,0.109162034534294,0.0512915715840778,-0.0978086693037384,-0.0117511550012475,0.0730281101077963,0.0760900619938111,0.125771529242367,0.175848266008952,0.0665366813272646,0.107086262151691,0.140905141925209,-0.0905485608909928,0.0585229802929989,-0.040059077130151,-0.0588641301261284,-0.0485323401454926,0.0772067486473769,0.0186475760809802,-0.103500702877746,-0.0111488471128744,0.00743880781631217,-0.0167024919558071,0.00287645341181546,0.00406469434439737,0.0153306381391937,0.092515713662809,0.07938934363534,-0.0426571117485139,-0.00961565037604441,-0.0845708126701981,0.0371308403615649,-0.0839771553298141,0.0947070588514,-0.0801446417546308,-0.0257961794371831,0.00337224368780201,-0.0277421555955438,-0.0344395900322519,0.0280945145954656,-0.0350757173701836,-0.00681895857855565,-0.104425768692564,-0.00339113508462051,0.0199387076093338,0.0252911946353368,-0.0115629871551975,-0.00495422768610533,-0.00631877450072626,-0.018159474848454,-0.0163984453378541,-0.0242089390620466,0.0329767732050904,-0.000798393554255442,-0.0412782690446802,0.00820211131448246,0.0474110658506236,-0.0713713829677006,0.0638985666935229,0.0558373514932152,0.0119796889684271,0.0453183503119335,0.0136069498973373,-0.0332307783809974,0.0028498921166778,-0.0418200885983264,-0.0276164112465362,0.014606529892123,0.0292360326379882,-0.0308215881169008,0.0524496359162561,0.043431477295039,-0.0508736816388193,0.0438595304831908,-0.0452636439964301,0.00445149519421902,0.0266329886108961,-0.000726207191767733,0.0151819982156669,0.00125020987819055,-0.0630496431788117,0.0220664703403855,-0.0212237921360768,-0.000609085934863693,0.0127612891909915,0.342234897588799
-0.78723653827046,0.512704827643172,-0.130073414906572,0.51500847129863,-0.164066191320891,-0.213028209114734,-0.0996869886091089,-0.0193491409573447,0.0869196174936675,-0.0379609896383725,0.136431904002815,0.0672144963715928,0.0816453181519157,0.115218154448505,-0.0220760204770609,-0.00246807747539131,-0.0393565574182587,0.217191100491367,0.0451235774305577,0.184572628648078,0.20600613809028,0.0824171662660613,-0.193953775438751,-0.0726689777505529,-0.0158283430058793,0.0776689090524725,0.0585636107677453,0.178929744462053,-0.0317807688065148,-0.00412194641418822,-0.0909228489434929,-0.0507539168092262,-0.052734962592257,-0.0714415837094041,-0.0121231564755706,-0.0957577466229423,0.0890810631919811,-0.119382280363463,0.0751579888893902,0.0359786271208787,-0.00415056048444382,0.0274555766038232,0.0503618754226827,-0.0600586744879068,-0.0639609057899489,-0.0145978684795146,0.0967107438957734,0.0336053528384985,0.0631152775790909,-0.030585435287482,0.0106997510089584,0.0205842344600409,-0.0699926640051382,-0.108204427392245,0.0456462481260199,0.264767206646074,0.0961536393710064,-0.00175935104844621,-0.0899281768541378,-0.0456979683171551,-0.129662256931767,-0.141718627000114,-0.0898439990170418,-0.0330198761117908,-0.0526196420887942,0.00915633974081679,-0.026683202200895,0.12468850657015,0.0648422626567337,0.0406505719177788,-0.0319288295373658,-0.0112813447704519,0.113195430195403,-0.0600962167995414,-0.0690551688088333,-0.0441166024990676,-0.0542440804320286,0.0272206711782579,-0.0775524765339634,0.15765423338156,-0.0521211336841931,-0.090008745842772,0.083185957734319,0.0796480721537156,-0.0195520766499432,0.0102145509941704,0.0404518692912594,0.0194676195567719,-0.0336925011327162,0.0502629007491574,-0.0116984635857806,-0.0378297001909717,-0.0244667356215214,-0.0278098925406956,0.0415115384677918,0.124139892547243,-0.0606213261146217,0.0340190885781931,-0.0382472670199852,-0.159429146493896,0.0511161484818405,-0.132518648486982,-0.0155097895415271,0.0651022783321211,-0.0475635516709169,-0.0234941452772994,0.0182268136589178,-0.0264729903151643,0.044753299776791,-0.000367177828964286,0.0245194368899955,-0.00388100931234264,-0.138789778674464,0.0306437232147238,-0.128799126773146,-0.0311654171281317,0.0517508334375346,0.0270914005093787,-0.0466487103128642,-0.0375358625598116,-0.00131323288567528,0.0496274671003535,0.0813294466369022,-0.0237263478165581,0.0577727379486356,-0.0258571821933784,-0.0111896696961403,-0.00028334993839179,-0.0206381772022389,-0.000575182927595304,-0.027221930193623,-0.018660715385196,0.000548769210578018,0.00613474277471773,0.00436906636969803,0.455535390199637
-0.684241564970738,-0.28512125139476,0.180589848011031,-0.487371039349276,-0.25233255930751,0.503732233938076,-0.930554974442092,0.377832786322963,0.297659649844801,-0.163101861258231,0.0112864831269798,-0.168039455040416,-0.397151147332014,0.0169734859159672,0.145775232455093,-0.480667740742299,-0.0518938724745946,-0.382354142565003,-0.219543883882475,0.039848348319415,-0.0662613671409631,-0.0113157777302967,-0.154756235241919,0.137576301697038,0.103424389870166,-0.0254889984781369,0.0272402826432356,-0.0711607461308408,-0.160797069251116,-0.132062454038473,-0.0457347898265398,0.222441571465537,0.240526908448578,-0.0398805135183705,0.186176430066406,-0.0127263719341149,0.0319328119249722,0.111327740529593,0.220387353801522,0.487176700707235,-0.0943991607982313,-0.234489695442419,-0.122993726326282,-0.0324977573032642,-0.182692971885291,-0.161307759399802,-0.0460638138332482,-0.121061808144275,0.0402336398465404,0.0344872193762327,-0.11729068008491,0.277968185793688,0.128420507699701,0.252795649148882,0.022502358176429,0.119317727385187,0.0533647445815572,0.083309925618984,0.0465839595018177,-0.0686554517308488,0.12241758374518,-0.278511604170115,-0.0632704471224512,0.1412222135966,-0.00591476541585905,0.111325225258845,-0.0482232516399619,-0.200479194989089,-0.268605668413359,7.21855633360657e-05,0.47463234206784,-0.118335742366306,-0.142354065266241,0.166675208268599,-0.0134708321309764,0.0807873660141897,-0.139213461478717,-0.0533577275689563,-0.0927806256041594,0.0435574661662548,-0.229541606451467,-0.0842436108468276,-0.331188662584362,0.141328679333756,-0.114338415264818,-0.138529531438186,-0.183198024520481,0.0721286946698877,-0.0801408475547389,0.00811762074528633,-0.102285391608759,0.065980610209036,0.0953456910967759,-0.00371740459059715,-0.0287946927502132,-0.0862935533090518,0.142288049722896,-0.0840188586565073,-0.0182995520279152,-0.0825648940447696,0.0387129035398801,0.053984246941348,0.0651908104098662,-0.00710784089431764,0.0128509329862231,0.00122438667147649,-0.0158075642078162,-0.00988353546599455,0.0303118367778801,0.0335134910695407,-0.0456081529054681,0.0106212766814017,-0.0466361372131708,-0.00459124785868931,-0.0435301912281433,0.0124774751819468,0.00974109123382143,0.00265769015233594,-0.0228022594864061,0.00377491176063394,0.00802314378992701,-0.0276945650553383,0.00725027886922669,0.0032047382372656,-0.00212254838104017,0.00360701146791225,-0.00349482755381165,0.000967462979307965,0.00309597867653848,0.00311335673385583,0.00133184496028438,0.000131351229127101,-0.000409724702035621,0.000614510609348826,0.00024979614040945,0.808141042260824
-0.02773780095886,0.738118474511813,-0.312694853003085,0.61678577974463,0.659336180470329,0.444176944838342,-0.385009988890814,-0.772910244908937,-0.141697811236066,-0.0236878674962895,-0.582644047427093,-0.012297572738186,0.188106018795098,-0.192441700679105,-0.480206675075906,0.325275931722841,0.317122184200094,-0.304621254507468,-0.12812984943565,0.206099088354653,-0.0740628362551994,-0.275663485075438,0.0986457931772787,-0.313155210473396,0.198387429433213,0.078182242785728,-0.0784459098230191,0.0529015933919318,-0.0430384530988333,0.0171038999264797,-0.0989275877512755,-0.00556368437250942,0.0125056138783847,-0.231659326556461,-0.039031111553378,-0.35321922673439,0.0719800018763965,-0.0233338739071283,0.192331463040567,0.0300859661684974,-0.261307051196284,-0.0218430623109042,0.236749571290855,-0.0252087969021316,0.116608375843016,0.132077706748866,0.565897963425154,-0.0432935388127219,0.0225280886825102,-0.00166285896661323,-0.0358645222496443,-0.053797872760689,-0.0216546594347426,-0.224944773698734,-0.0754811034197311,0.213619419276628,0.100945336158745,-0.16739916568681,-0.0499393795392103,0.0586704417512186,-0.126597126162655,0.365331226429488,0.0477040220391672,0.0759785210780465,-0.0366606615133726,-0.00466028824996211,-0.180704598430244,-0.115501657439423,-0.00303167635639153,0.307341900549926,0.0750835066490454,0.0719059131698592,-0.018899254595382,0.213080427388098,-0.322497584755253,-0.0125014658770113,-0.106291677367596,-0.0524002346557127,-0.100220798813699,-0.0407405704294976,0.142221493440659,-0.131279546197558,-0.25481735624388,0.105189715620207,0.113310952868726,0.276872620315279,0.0906392647280485,0.226695194449401,0.0690767114807066,-0.00625483078016118,-0.00400305754141646,0.113300271109619,-0.0307484654717474,-0.148501280942654,0.0929766740153206,0.0855129734214338,0.0593205919779264,0.00315264211212124,0.0660804606121999,-0.00252141003043795,0.0213049209961053,0.0260045978852512,-0.0359285259152542,-0.0799131439914862,0.0234196773924399,0.0395735636580075,-0.033908881274846,-0.0254640010186867,0.0250795755223826,-0.0186102124953587,0.0233366067576797,-0.0320713502350204,-0.020726096296542,-0.00398224085135235,0.0433255322036388,0.0118959798868439,0.00473959768304216,-0.0123377394556648,0.0171766038216122,0.00199133432292243,0.0102991373511155,0.00873352304192333,-0.0112566047131184,0.00482103909104679,-0.0065856687885196,0.00129823651636867,0.00250530765462464,0.00260032378911478,-0.000880695471302213,0.00243677274562878,-0.000156579435150241,0.000162606987331134,-0.000340868590200822,0.000331778601232053,0.000702752134494782,0.953331604874254
-0.113946804345007,-0.984944895062112,0.556424039199091,-1.20479857110338,0.0987945724869321,-0.503333021438333,-0.360987424595612,0.0133276276892365,0.0156499130101956,-0.0156664367358848,0.00279559230106264,0.929702486147078,-0.386224229828922,0.31082499012005,-0.0284133830298651,0.467526353450829,0.238017831359568,0.0549354578355404,0.200714671933668,0.0542608244645618,-0.179379581788029,-0.0222068394731062,-0.0414684415315654,0.209694588724178,0.127236765494895,-0.831981582183486,-0.109721661398414,-0.632379563477872,0.25472673096007,0.0587138391181974,-0.241634014985431,0.168420230348102,-0.276937518901688,-0.0368345510369667,0.0677590529315624,-0.115304699825152,0.264847517686767,0.531372955050235,0.143944412817546,-0.0627793812442662,0.0585426600277503,0.537387725539733,-0.0695253341400197,-0.0670322902445058,0.224306628389721,-0.501171735529634,0.305656035419597,0.534416081365771,-0.471662836727636,0.227081695238697,-0.365128809546768,0.195006697881326,-0.0674286503959896,-0.250240571421496,-0.128959495660544,-0.30898469610407,0.0627889778063942,0.268541178718521,0.212801903423894,0.179589339507731,0.0633161061662209,-0.0161932046324829,-0.391976695460211,0.0402168127670105,0.0868542548196406,0.141937573055924,-0.0318742874944538,-0.0707948166794511,-0.0165029235524606,-0.00971735131115592,0.0378121951316651,0.202918704155529,0.0991845816795701,-0.043650996863928,-0.0934191007660059,-0.0845352734535148,-0.0904253882225195,0.0555232788030209,-0.0627567538205499,0.0505992745456487,0.0126562034723551,-0.0569059603618222,0.0376127227416471,0.0473184491655536,-0.0426881380960805,0.0169470623732423,-0.0050166073937046,-0.0785609229267333,0.022349963030837,0.0677542022092961,0.0210605098028621,0.00539308900910013,0.0799308351025285,0.0127324580404505,0.0203940986998767,0.0112267910672855,0.00113776939370516,0.0882501955698376,-0.0152641979624289,0.0075588828983237,-0.0296572445402921,-0.040021847490608,0.00101342418969084,-0.022804832092401,0.0236046533183373,0.0314221075700844,0.0174817117113189,-0.0130409561344329,-0.00060123410905601,0.0100602201700912,0.00581224542135762,-0.0215216644727315,-0.00661312625877472,-0.00568630666429888,0.0119077842609849,-0.00479969173304859,0.00904599879797722,-0.00613026185748021,-0.00668827551876582,0.00741922234527196,-0.00662959706806259,-0.00697891765055183,0.00365881520584784,0.00135326642862525,0.00229417867301847,-0.00129727848595997,0.000491297439607017,0.00137463533005333,-0.000132692800662347,0.00050207286172388,0.000240952037913955,0.000233944994703475,0.000681564687359336,-0.000381958184752963,6.72976712612142e-05,0.294788695877625
-0.0178633468727166,-0.227506587897853,-0.212451459553118,-0.389298481495495,-0.0355761115126624,-0.939695476793379,-0.0327691622112131,-0.275942987128208,-0.203390427686712,0.0848842079603269,0.0483440560773856,-0.0064680124241202,0.0844382111252136,-0.157894378869607,0.0206445822206068,-0.0980451139464384,0.168136368072647,0.253807996134288,-0.145710527502769,-0.465753618275335,0.0362642496570478,-0.0143606352495311,0.158410507715659,-0.171644169137961,0.211404691445139,-0.21734345951502,-0.206916119846129,-0.14632610376608,-0.138813780514591,0.051881822626131,-0.096844902775616,0.088611771970346,-0.118483376905169,0.375028565741736,-0.343930962509774,0.215094774307829,-0.00309856316451881,0.0936104869189277,-0.4098191607971,-0.0465195028227704,0.0970807602508002,-0.499265134332569,0.236973356754167,0.595502048677919,-0.140032050933737,0.188116723616722,-0.223481921205591,0.355235395238314,0.109661142013219,0.408379208545265,0.136641739867691,0.175117227927475,-0.0166138369409877,0.118249126910159,-0.0146066019627737,0.226343833655194,-0.0937726965059703,0.00323801205267169,0.11727063661875,-0.0766036903936578,0.0137925307938022,0.125721830904629,-0.179956214909012,0.0918063565543138,0.0919516069144803,0.0326319467624984,0.00470655115316732,0.0492044578988571,-0.0466425801779742,0.132191126737854,-0.18540542349416,0.220651190253702,0.0112679129466579,0.0677833845740299,-0.0572257852279449,-0.0480418866579123,0.106900194172019,0.0770244389390545,-0.0476881386505696,-0.037254102739147,-0.141497672658363,0.0601982797848464,0.00970746322103587,-0.0271002076844701,0.0192382212943407,-0.00357656860653874,-0.0894647703846626,0.0238321572352864,0.017721709445094,-0.183761580205299,-0.0773204505850963,0.0160079522816193,0.0517355112512446,-0.189979910542399,0.0119940647878778,-0.0458863032046073,-0.0499948816102507,0.00792626218906531,0.0530297817846726,-0.0341806746653258,0.16538807557933,0.0438293481272287,0.139391927382901,0.00866157495875861,0.0572904757418154,0.00607406376977952,-0.0573581722148386,0.0130089599013801,-0.0160599018208001,-0.0475984358406638,0.0408737224758841,-0.0971237200651818,0.0695240258298804,-0.00764214555220743,-0.0633782312358437,-0.0302666981112033,0.0244045795680028,0.0160032854815227,0.0242660427576687,0.0345176227523205,0.0150524860228162,-0.0291830299121217,0.014143532816201,0.00294741102820763,0.00954793438426763,-0.000671886124258009,-0.00317476538198254,0.00206517725204965,-0.00916314401235142,0.0049663483331598,-0.00063132052196711,-0.00175200881393287,0.00273421982276917,-0.000937626330590506,0.000723187748944715,0.439979258491055
0.204084706310389,0.0676710864687205,-0.425623672913246,-0.747748998351088,0.0349025011690004,-1.13805102338295,-0.0372836794006292,0.298305688167371,-0.132824986857855,-0.106869594800686,-0.118705967020601,-0.24262787010159,-0.0202067318463243,-0.523027399925761,-0.214807377824521,-0.0867062650683866,-0.230688089691758,0.0048111735479787,0.282614518058241,-0.150626928673824,0.367757793096179,0.66155080057163,-0.78157967565133,-0.0590332759233722,0.579446250536464,-0.629339692032092,0.984635347486833,-0.156354741419994,0.119884083120525,0.00364452839411257,0.234477091065926,-0.351333887005631,0.125950620560209,0.894576556230827,-0.39930009388399,-0.343891543368276,0.162959510098287,-0.202710924180028,-0.378994339054191,0.129046023776126,-0.235179473342395,0.108988935743663,-0.0511036450375428,0.138575556257287,0.0641534852576379,-0.0948095700812159,0.120613473886169,-0.399586359140648,0.116999329837844,-0.0940373493964905,-0.231382253057097,-0.339901408885664,0.483356841949603,-0.269440700881776,0.00789766748406819,-0.0208153551264697,0.358195227216958,-0.120654309070304,0.254815681588821,0.0114012740002088,-0.0208788856112198,-0.0953218451120934,0.193555029647131,0.201703490159568,-0.101754719125142,0.212298116571581,0.182297325883357,-0.0103134247611725,0.0629510708932935,0.0556536485376275,0.0437769544510007,-0.0385996886284847,-0.0802365951040797,0.0594430366831883,0.0343400091259826,0.0614168929753846,-0.115844360859173,0.0767407803720361,-0.0357628764076735,-0.0131388187736348,0.0333192964771647,0.0196073476791539,0.0138493440529074,-0.0268237890585377,-0.000137362831913593,-0.0147294099624996,0.0261810673894812,-0.013685117113604,0.0143835618971527,-0.0191854049173705,0.0188360932644467,0.0140197762564452,-0.00621366364356726,-0.0108293449935674,0.0164400552880854,0.0121284913171141,-0.0018944299223421,-0.00109811059438511,-0.0282677490684243,0.0451116759654882,0.00199997379531116,-0.0152385026452744,-0.0116260049779209,-0.0145440473071251,-0.0109317846345434,0.0168251206374664,-0.00945255097449152,0.0118499840775274,-0.00304115887431021,-0.00233311353750944,0.00410180725856807,-0.00340964868639951,0.00247683828676234,-0.00292582579852054,-0.00240015150353441,-0.00076618806755199,-0.00569178426778835,0.00591147455995422,0.00233023578756465,0.000779692058383671,0.000145776516456803,-0.00188034224570424,0.00105942826414189,0.0011066783641065,-0.00136382110834519,-0.00232641437492063,0.000760962931422593,-0.000597603529483946,-0.00101660136782496,0.000278812946646481,-0.000136736025858393,0.000175540313695889,-1.49441776827881e-05,-2.69496516290496e-05,8.63725912052978e-05,0.237749546279492
-0.526058190659872,0.156490471460039,0.518611655231998,-0.685703856605954,0.79148356312552,-0.492509558859303,-0.0911574177203092,0.420170152121005,0.126789294987847,-0.0742108663733383,0.237656256060566,0.107630076478848,-0.0212459463078717,-0.211091745944653,-0.127285433957653,-0.475119722879304,0.265131797376351,0.384610796175649,0.0783784003993192,-0.0684257356808218,0.0676179717061896,0.400554378633531,0.217610739821483,-0.12109857544388,0.0228282384293652,-0.335053194210734,-0.0289448987083035,0.214788214836241,-0.224478535854096,-0.564495981045333,-0.255796207618662,-0.0939466410460923,-0.1646290759122,-0.474242261488832,0.402590876439947,0.0476282699516179,0.247362837606516,-0.157406879531555,-0.297975952896586,0.0361186728157521,-0.0658055222447794,0.0875333290848418,0.363994634150485,0.0313465534945508,-0.284774897543388,-0.297648769621881,-0.189330293310895,-0.0528212856879883,0.139087428686879,-0.153150691973582,0.21832382883684,-0.0518364045122181,0.158420701431552,-0.0710855324178345,0.0280377680425188,-0.0556239347681096,-0.103147551988638,0.0923521832812191,-0.402860734239325,0.0540831053396849,0.0327020396666842,0.000768399359853136,0.239866958593926,0.28328426587122,0.0697821574957974,0.0260310450571021,0.00265560849629228,-0.1877065575671,-0.04888202512009,-0.0245709494673822,-0.0495049304816386,0.184005031473643,-0.0507939964038346,-0.0596329610608149,-0.125075109978115,-0.0995116594045408,0.164117364310618,0.295410996237745,0.185970646300336,0.113370735594701,0.145745917108407,-0.0310860091295841,-0.135013241168876,0.0163665799985693,-0.00687726154147368,0.149439658493207,0.0672580522425049,-0.0795911870165498,-0.17479635083035,0.0672648035432906,0.0245016484985227,-0.0155978944227148,0.0411001909135748,0.151940082948601,0.00101849893396081,0.0326163614338059,0.0185814067127374,-0.013298156561381,-0.00408359577085946,0.0246112004502898,0.0717306468955175,0.038312697707945,-0.0419213781004415,-0.0227844764782942,-0.0541485599952815,-0.0422685455881182,0.0723847019395417,-0.0814708346653796,0.0310661228636795,-0.0175980661427589,-0.0589880949261054,-0.0668764995244937,0.0245395053189443,0.0319644629795872,-0.0274609835029895,0.0136645108467653,0.0589733672193106,-0.00222960983066903,0.0279962413371144,-0.000564157836931297,0.00451069707950129,-0.0142718459185273,0.00386563310043146,-0.00977902746527491,-0.00558769965403242,0.00434712084688424,0.00261716581146785,0.00254211668654912,0.0029058815920288,-0.00220485411306997,0.0073666939356988,0.00316643250138714,0.00140803239868609,-0.00317482699790628,-0.000166439433824614,0.414052372310086
0.180246794883601,-0.612026235442981,-0.563840593179256,-0.288137976770371,0.506077736603229,-0.157311235645098,0.38066220134996,-1.23344927060554,-0.445943580919451,0.585740294398538,2.7388041200479,1.03024156073945,0.276089014307801,-1.03734390355267,1.22363570338354,-0.0305845047109173,0.019999778116638,-1.19355451402873,0.135758706740884,0.923875483094851,-0.668908308906517,-0.100484847510037,-0.257537000767318,0.0162209207100045,0.228501720867869,0.350206619223113,0.00943894667057069,0.0511651981762071,-0.00521276492739873,-0.230908854733892,-0.0199757017004443,-0.132572252348657,0.0688189188514331,0.0952261001773924,-0.106698170086072,-0.104079008307974,-0.123874778517507,-0.0965909454852651,0.0971681384607248,-0.0978499256565123,0.0673005307427765,-0.0540976945390806,0.0972784814794747,0.00424740346100139,-0.0457976257543106,-0.00699955273647167,0.0321187782615349,-0.0123445279369661,-0.0447083931138838,-0.03690947908035,-0.0265908873745865,-0.00542187637457575,0.0585413702127476,-0.0121485683746908,-0.0480999514994293,0.0522885379245492,0.00581840007893553,0.0159212273620974,-0.014298997913507,0.0152215965871794,0.0233968069568411,0.0182748648445128,0.0328998905968957,0.0173149207878285,0.00796929579171594,0.02958301394564,0.0428946684295681,-0.0198950883564742,-0.0171698626713759,-0.0261915730259786,0.00400710666303672,0.0160702813605903,-0.00458366604244859,-0.0120298232720692,-0.00853976806907287,0.00183631747206868,0.0195699800642458,0.0200994557442382,-0.00854378639695308,-0.00933902919503293,0.00786219352221345,0.00502988126426216,-0.00146757033580424,0.00920510572387847,0.00749108296792027,0.0136229139646276,-0.00690121190214637,-0.00635340922144045,0.000601523247025567,0.00778964950122748,-0.000183682185301382,-0.000929077645775202,-0.00106200123801786,-0.00266951576234854,0.000100007418660302,-0.0122776537658022,0.00563545804506066,0.00393127978576909,0.00140730355611087,-0.00436935419285147,0.00663143524935537,-0.00351059317656383,0.00692253192464379,0.00659353864628641,0.00135828199599869,-0.0029448031528611,0.00753936326742972,-0.00116494676803519,-0.000239307877267837,0.00249444003368341,0.000597551354232089,-0.00354893957977061,0.00395401378280358,-0.00127872329697733,-0.00246454845591938,0.00231390704044165,-0.000293347341246685,0.00203916230570706,0.00161209966798296,7.87188817885828e-05,0.000490913721875294,-2.36752340349431e-05,4.2824473699786e-06,-0.000850366056490645,-0.000360299593381509,0.000736788649437582,0.000253436017919059,0.000460154319759847,4.43040777213113e-05,-0.000154462267917648,-4.52931614234231e-05,3.26589568151469e-05,4.906238202152e-05,5.18598062722042e-06,5.18228200608211e-05,0.735545760954109
0.579404734496001,-0.603306866091435,-2.67377317749414,-1.75912594294898,-0.910192891969056,2.000295738157,1.00615862550194,-0.0458824613746964,0.0638531698204242,-0.427042389621579,-0.710262902783915,0.244265694125709,-0.575073931656554,0.0441282582240554,0.378968131701048,-0.0539044275371036,-0.319599998882327,0.486331944118612,0.281065761074486,1.18845342966229,-0.257038348456454,-0.160722431935073,-0.017681040990279,-0.53600488152152,0.443845135795566,-0.610535637408092,0.204576801286106,0.263751013536978,0.481660754796744,0.0471260301087281,0.770450080419632,0.337606033912759,-0.18051551627193,-0.0864978226594265,0.0940349115926736,0.223619078199149,-0.218410092072225,-0.072447589222221,-0.246806001137623,0.0496708329908416,0.0534576917012066,-0.225725377608672,0.175027468032317,0.126198100705081,-0.216553873893022,-0.0128319073039858,0.16825631750689,0.0513534660044874,0.0171193971441542,0.200847613100292,0.208912867518805,0.0870328773898927,-0.00655358858950115,-0.0872232759833538,-0.103871504892929,-0.0969761239007053,0.0113111718212492,-0.0441334601011291,-0.289564444991371,0.023873010356052,-0.0774915876542194,-0.0507382977877983,-0.0311742110731714,0.0883768083649389,-0.0351708091903062,-0.0184945777540662,-0.0429160323161545,0.0199209633317272,0.0139380785412339,0.0765084930120681,0.0269365495543454,-0.0585720889127529,0.0820049326319664,-0.00393365790924321,0.0168654499112224,0.0268499845469612,0.0636963751963151,0.0566497643466115,-0.0208983186280958,-0.0389622285483433,-0.0450608391518194,-0.000590731574143545,0.0113129411235665,0.00469178673422517,-0.047646230047356,-0.00766241902102862,0.0231549619829044,0.012379498134172,0.0269519760233165,0.00417465438988767,-0.0319854706934349,0.00692861827573823,-0.019471883319518,0.0100790688201136,-0.0351811952826855,-0.00595552750520386,0.000495038638310469,0.0181225990493304,-0.0161970876257765,0.0151471071236729,0.0133729903324692,-0.0335730957960782,-0.0309124337744752,0.0252685855389472,-0.0121179930789987,0.0307046284847705,0.0112570618674478,0.00700177043660251,0.00536225534604879,-0.0140757991888,-0.00485326528815507,0.00287699116756006,0.00123958193087431,-0.00682109912329063,0.00315783068139296,0.00483804063503591,-0.00745731420716433,0.000701621180379634,0.00134888261832293,0.00122650634635515,0.00323402515295488,-0.000434823284239771,-0.000715107455111353,-0.00495099931982662,-0.000499678621434589,-0.000698179035436581,0.000701425317479872,0.00130544666779761,0.000570003490176335,0.000504452716289822,-0.000376542014353084,8.72338452306451e-05,-0.000195360361594383,-0.000346680343624582,-0.000178301596112014,0.942960850401867
-0.174968435684606,0.212488012810729,-1.84750289160922,-0.315925302093195,-0.525039285750628,0.671595647868697,-0.188134573615445,0.0623924344794004,0.188786776421535,0.0399581178919547,-0.113869102896794,0.121499504703614,0.287685225574124,-0.160433113818051,-0.0955027698889535,0.0343832686665877,-0.199708500708792,-0.0117262275620538,0.0350787702398104,-0.160715754947619,0.174673675474526,0.28196941601585,-0.0839017181201333,-0.0468872665018747,-0.0824188718561589,0.355370636763178,0.113010998011334,0.159697976084844,-0.369034497438533,-0.0816547313628385,0.0633447078988109,-0.248680862285662,0.115548878999794,0.170795525603064,0.228100203039289,0.187934907628719,-0.0117382078743918,-0.193818161117453,0.303365013720042,0.309568991421522,-0.108796684129775,0.0796975166081425,0.00854221664283936,0.0472869362764708,0.699519318330693,0.0460057989037637,-0.386925925947972,0.32228931271451,-0.0982313760177961,-0.117324684344472,-0.270432372979822,0.198296588880984,0.138703868849375,0.0287914119436198,-0.430202977906731,-0.0317642675329124,0.0301733821525965,0.00761530957140852,0.000623634316666741,-0.0190306185994103,0.0394778029913116,0.0767965542477207,0.0931856889706984,0.0303625787572145,-0.0120117623924209,0.0608543269155232,-0.209798135847405,-0.19029638307022,-0.161558162747675,-0.105395619717389,-0.475303597842703,-0.0736975278826183,-0.0376844031327578,0.0218284198469227,-0.180009760569818,-0.15725329439727,-0.152341899338757,-0.0497485269187355,0.000840062796160592,0.148159685769199,-0.00265240593397765,0.0223400959737491,-0.0304002589717067,-0.272379628998214,0.0906648363588023,0.0318452165327876,-0.0438551695197203,0.0131899754371828,-0.224548537586491,-0.0280660144706619,0.0348482977785159,-0.0777745423318363,0.0322563599727519,0.00992087736378219,-0.0921752240151415,-0.0436662013061138,0.0966385686562946,0.114956466427847,0.031503304430189,0.0443222946889879,0.0436932340395681,-0.0127335645057095,-0.00420878365651954,-0.0208067664719797,0.000286751330503972,0.0507075841587276,-0.0372308544363856,0.0243369172974024,0.022359614106748,0.0471486862987919,0.0223628361092917,0.0154312192769318,-0.0210294890352426,-0.0015143602467243,-0.0221510061817647,-0.0207139263734618,-0.0143098551339263,-0.000411094323834445,-0.0156647077939025,-0.0103111896593718,0.0137904334620805,0.00564323187058336,-0.011030279165443,-0.00581335005738389,-0.000913649370850983,0.00101496364827267,-0.000669391264874441,-0.00134645801732733,-0.000342768205210939,-0.000422494620840446,2.70979518726586e-05,-0.000421647913323324,-0.000154035673651867,-0.000585457511677339,0.00021574155749024,0.491833030852995
-0.196732532479681,-0.245836977512108,-1.19127754385446,-0.938623550844205,-0.516165625548324,0.918957167534288,0.420922780906589,-0.0872570383615066,-0.0754413144304043,-0.100657522831449,0.0888261799786602,0.355209572874811,0.228898701570006,-0.0812590868434513,-0.18646362321304,-0.0257495742543325,-0.0317269896054404,0.138691605355968,0.411283804872239,-0.11165720703485,0.216707521092171,-0.0372345517219555,0.0897592570388794,-0.139412147865646,-0.149033178875643,0.118249626996307,-0.273427293361785,-0.0849430682096371,-0.382936107530559,0.600961898582194,-0.351211838883471,0.130230583769761,-0.0769204167633714,0.168340021991586,0.268707013515365,-0.276190326015559,-0.0528247456211675,0.0519663602795219,-0.157065465240151,0.263233051707677,-0.227610202170095,0.44254812651985,0.391178833500396,-0.162563360920344,0.108544518028467,0.184525686752478,-0.423708826058587,-0.149568584982615,-0.19304173699916,-0.0821637780294723,0.0468429607054747,0.0778925172416061,-0.137165861530833,0.0153523105243005,0.362503577201341,0.0343182959175186,0.118763655745176,-0.0974753542695274,0.163214584496966,-0.0785298786735732,-0.0359447758542496,0.18147558750638,-0.0850654640461723,-0.155372471612386,0.110067006774213,0.330279208875787,0.141051684900436,0.0882525417286661,-0.243595765337426,0.0189300628865781,0.247659524243762,0.0787454986418597,-0.280843814843588,-0.0603295769196567,-0.0758626130759397,0.108445788473886,0.209928777804895,0.11235444907259,-0.0218933927741633,0.148560699298409,0.12898282440238,0.0471435607040323,0.0976395839290207,-0.0445821462241021,0.196927700436698,-0.101243278958,-0.0400404806249855,0.0725523374167392,0.109087546225946,-0.0266102427719413,0.188157275324838,0.00386965016922403,-0.0491933851795427,-0.016837433171345,0.104541199719044,-0.00354184201775804,-0.0181498727285718,-0.0779087054220269,-0.0140442800959405,-0.0191049217484839,-0.0216637590351661,0.00643986658780396,0.0128107369627109,-0.0427149085951797,0.0279551997628521,-0.105462890781795,0.0224732897938494,-0.0124730222313425,0.0310194011980692,0.0128205673012401,-0.0392611087132343,-0.0015641077460072,-0.0122730269605117,-0.00789994270901416,-0.00428009279179381,-0.0394308326703834,0.000715123585461745,0.00770611270367971,-0.0108063091011812,0.0173573974465858,0.00103889674049353,-0.00508193921236172,-0.000701423947906254,0.0129488469139538,0.00840982958794784,-0.00461759753260825,-0.00029306058635869,-0.00351834860551113,-0.00376598561009267,-0.00104642183163265,0.00134619149321538,0.00250399485096766,-0.00246309017247082,-0.00156255154284994,0.000169639478832138,0.559242934923516
1.37826006302991,0.254725520855331,-0.856279654961328,-0.0890804812644336,1.40595864045155,-0.282263074767356,0.623939860634267,1.817828242464,1.13441342709279,0.374829249260756,0.490799294606142,0.0942802748801634,1.09057520671439,0.144156398114406,-1.65685636415645,-0.915155610378513,-0.0933021549451792,0.296906249862855,-0.465133257327479,0.972101201741901,-0.901352855750822,-0.360960000221082,0.0645979223379361,0.50867300912376,0.230919106315372,0.0057092251753125,-0.101454754334646,-0.274046682457634,0.106635466284536,-0.127758742276201,-0.2395581233584,0.140990888764828,0.41751600574002,0.130984067529881,-0.350420744092393,0.0509601941321561,-0.227782507535471,0.0786948085612184,-0.135196665681259,-0.0992706915526386,-0.0770668690015522,0.153787320255528,-0.0238173648718576,-0.0854925439260074,-0.0430431047099443,0.216018921348475,-0.028707228246664,0.107648347452129,0.0181650859539187,0.02209488806591,-0.0548569207236732,0.0947510169291948,0.00760592845788143,0.0180669195253453,-0.0379497150002392,-0.0610429369756046,0.0764654774792445,-0.0141834211760343,-0.0126321082726386,-0.119783586035118,-0.00165376510596946,-0.0662754004115026,-0.0278471425641917,-0.0664431807795513,-0.0227612528115015,0.152619027788804,-0.132559993817311,0.0103057689161912,-0.0128111610375086,0.000568806702978419,-0.00363355466066802,0.0794875076272621,0.0255287417214021,0.0280432672472384,0.0487273732728812,0.00768028223958284,0.0148730696900015,-0.0928066642441041,0.0318785980332351,-0.0455406128637669,-0.0127792103218943,0.0127556753517343,0.00664017556484421,-0.0102978558405829,-0.0174709124634263,0.0451683044382581,-0.0251287618222861,0.0718412906001598,0.0206290550771937,0.00480034270566003,0.0143606260911366,-0.0206657291401294,-0.0182031446376114,0.00858435817842492,-0.00556440257249128,0.00326004749869552,-9.28599546957958e-05,0.0165077214778646,0.00414148537932505,-0.00816707111196726,0.00217024944075156,-0.000721003160404703,-0.019128796593477,0.01418667545487,0.000683843763323691,-0.00205085819073378,0.00254070876509263,-7.5934312878131e-05,-0.0148140347024982,0.00116939281036974,0.00106555680669432,0.0121620498331648,0.00593424622295111,-0.000492736619021241,-0.00385683640802536,0.00558046153205754,0.0058156897518769,0.00643462129434966,-0.00171910198134385,-0.00126387114444835,0.00374726573241123,0.0020114133951036,0.00253973042682176,0.00166151936859657,-0.000481191873910974,-0.00276886566005288,0.000440221939870931,0.000173449804248423,-0.000788227916784945,0.000591758977092336,-0.000477118013358365,-0.000120347852104615,4.49984687946293e-05,-0.000103973339176015,-5.76131222940107e-05,0.668135856883588
-0.553445676572792,0.20216524832351,0.262086152096678,0.0367428736881587,-0.293422975011162,-0.371013203065074,0.100455043070482,0.0479487247336289,-0.225742980383017,0.13403586379893,-0.0150165643517088,-0.144376727207099,-0.423944044819804,-0.0856018824852096,0.219031617669001,0.154065995707472,0.0750787341815382,0.631044977867985,0.515648247440108,-0.749902499154524,-0.938050564513561,-0.828886581050253,0.470683488131487,1.53982040511794,1.5851957381721,0.574228666089278,0.299958351213285,0.90675827961136,0.180417932725756,0.285986386074929,0.158977314608388,-0.200369625716329,-0.461926107310098,-0.073786798174334,0.195408221274694,0.0281381018477213,-0.125609320865823,0.0116504967335574,-0.139526791329479,0.287316485976737,-0.0774541763307576,0.104091121416517,0.0208069098408291,-0.0682401711467867,0.0958154297134899,0.00866903147559164,0.0959673311693484,0.00555099696693419,-0.00703376652998029,-0.1388502499827,0.00584544483982809,-0.0362606648417818,-0.0399609427045349,-0.0748094883520946,-0.0264170440951494,0.035968430116522,-0.0142839264974771,-0.00242038799956793,0.0282664217380458,-0.00150354181787472,0.0270882300469053,-0.0359812298391277,0.0165998637352854,-0.0326118761283839,-0.0432942238074281,0.0228680625271171,-0.0278656041061433,-0.0168905050520558,-0.0769034734593959,0.0190840245150715,0.00990307700207585,0.0500996074340964,-0.00972211520731459,0.0194719482121038,0.0140089989828003,-0.0378564979982625,0.00160141189343166,0.0162265268825601,-0.0131323927892744,-0.00346970254539343,0.00193813689769985,-0.000215251117179959,-0.00392858221853578,0.00662751330907711,0.00245912249861734,-0.0018155171691377,-0.00929084317466883,-0.0151262391524095,0.00265897565441299,-0.0178423769475389,-0.00961010012467767,-0.00333564861052179,0.00664870773434359,-0.00592705623229511,-0.00265417196898211,0.000790184472006256,-0.00729401461300261,-0.000432834183291206,0.000306618121181446,0.00599175483403771,0.00529793148642981,-8.58311984330857e-05,0.000939649232626391,0.0041896611900132,-0.00123596624545893,-0.00454453654861799,0.000874481225153632,-0.00175565096183057,-0.000406351494342299,-0.00216649472276094,-8.31438632608245e-05,0.000944888417614945,-0.000977108556089955,0.0027273349982812,0.00116005918870848,-0.00186749304263596,0.000129457509991322,-0.00218116975275099,-0.000763632498220178,0.000107128352518003,4.95887578192384e-05,0.000133199024258083,-0.000366909675380597,-0.000584609625031067,0.000347040869802008,-0.000129926371148257,-5.9713948774908e-05,-0.000317414569345374,-3.61287246169351e-05,-2.50832439943475e-05,-0.000114870950503006,-3.17636613373785e-05,-1.98341789604165e-05,2.82095288099175e-05,-4.56790479539917e-06,0.497018408089188
-0.49565424620187,-0.394434357167237,-0.208034453546085,-0.651536374143988,-0.141871930724754,0.0186060207690422,-0.769788932653296,0.241488696665333,0.25279705802773,0.125636433642692,-0.066271020694721,-0.126576867737487,0.000483118935721052,-0.067227248204346,0.0629169049325438,0.00721283748426212,-0.452538751572009,-0.321438633907408,-0.0963315649002395,-0.210342335832155,-0.238492963018951,-0.228871428082792,-0.0157855619373682,-0.06702710413986,-0.0842238248404319,0.133617311816282,0.0727949774834283,-0.119588613896442,0.26288007001221,0.0131403144423547,0.0816641831261972,0.172832776335087,0.202766143410782,-0.114523987091581,0.129193570090634,0.161401357901822,0.245430101307453,-0.166482842821253,0.0939673469402495,0.224246453424414,0.110758918739917,0.0222637429773722,-0.0448843532930407,0.167095715620693,0.174299180389692,0.0404268442248236,-0.177144480545083,-0.139252405137923,0.0852482317644386,0.0205542271488833,-0.123977622788163,-0.0370999800887606,-0.0708143338512035,0.032776828793556,-0.0563892153433027,0.00501142261548762,-0.0110294411448235,0.150344710644874,0.0800223966939751,0.184581327456447,0.0650277302423189,-0.225347821251651,0.0310957315421703,0.0840246955374687,0.0265447148226579,0.0529140217360507,-0.0855673950835707,-0.0336318682215697,0.0339482077685742,-0.0732691242965271,0.094334870163683,-0.0831876066946631,0.16797073848664,0.215296513465858,-0.00949449176200465,0.016503532003822,0.226734099358855,-0.035224198298519,0.00383066813984133,-0.070428625308624,0.0556305718436394,-0.0949936890868698,0.0283335378101155,-0.151965981965217,0.0939466738964539,0.0144842320473879,0.0645452187234424,0.00190836263017966,0.0854267265897872,0.0792296266257407,-0.0144602521046883,-0.0345032505806815,-0.123730466680162,-0.0337488308493337,0.0287420761665745,-0.00499200753746894,-0.158939943058585,-0.0756224617352112,0.0603333530285198,0.015799709869395,-0.0414041148373386,0.00846103592624222,0.0811232141106486,-0.0796423989016509,0.0675212281925993,0.0700799095987327,0.0789422559419268,0.0320216770191757,0.0288288042305685,0.0390462097297257,-0.0474439178937592,-0.080643776458078,0.0842385692429711,0.0856219561663586,0.0165657274457438,0.0151551413422858,0.0147802618079796,-0.0233077879611474,0.0414678286297462,-0.0321485949218589,-0.0367367019694686,0.0742599798539109,0.0244391713739306,0.0166787874503253,-0.0046392164293035,0.00170708572273514,-0.0142206036136456,0.0143434932308937,0.00608269088479116,0.0151088550436078,-0.00188871813137854,-0.0289542192898959,-0.00264112407539165,-0.0159550779109273,0.00437448053304717,0.68369198859217
-0.70352994969849,-0.0208933576406594,0.261854131562337,0.102707679539088,0.366931495721243,0.6260559882068,-0.417815294612597,0.0542004161378819,-0.0322836935088432,-0.244833132806238,0.0679791467495658,0.162802158236481,-0.213727678048505,0.203134299226213,0.143770361786806,-0.248396910066035,0.169062410137295,0.118814455247577,0.123322232876188,-0.0964968802189429,0.0301003472870571,0.503511774032192,0.00292263990958432,0.00606540852591095,0.425609980177222,-0.290551352437475,0.0721330307502578,-0.1531128353277,-0.135057365562587,-0.262617296343982,-0.0211015576961085,-0.0226070114728998,0.0598728034875756,0.102737916302013,0.680740198747253,0.305086175074931,-0.669776140415694,0.0474356726683358,0.288486617080107,-0.628777164930379,-0.142971047391542,-0.346622684404964,-0.498101700343818,0.0993823630781136,-0.292093271794568,1.03116349731096,-0.0912003093840369,-0.347454969821037,-0.162450886604815,-0.429369378773468,-0.0334074787828826,0.201954520047085,0.0208898484197256,-0.264182340602254,-0.0148008018550483,-0.194344343230615,-0.0972434613506046,0.366787076504822,0.387734687667235,0.142195114753245,-0.0168491829511504,0.0818629508823977,-0.157427205797672,0.100572224539185,-0.0928793269392355,0.10006499231473,0.0481678135200052,-0.0315355694809605,0.0931718306705716,0.127275406289854,-0.0401928832181885,0.128378555148823,0.0632237019619898,-0.0366649886165181,-0.0993023845937018,0.0442828698490464,-0.00255664059930211,-0.0248513379564298,0.0408626354140878,0.113157682030161,0.0148221392701674,-0.0360293621007145,0.012578794552826,0.0166975929261918,0.0277434991758629,0.0217314321197369,0.0573234578647706,-0.016913196914147,-0.01185879178824,0.00481817909309387,-0.00499538066844779,0.0173894318889215,0.0155052956398265,0.0116778602413541,0.00918116611093193,0.00472019516764049,-0.0150525410291515,-0.00355488298478186,-0.00376799023098568,-0.0110417430764851,-0.00460822527180179,0.0106173658319543,0.0103632140061416,0.0117477354011705,-0.00224548081564056,-0.00838288189546712,-0.00250782337444307,-0.00219258848224468,0.0045306575909905,0.00170478216865592,-0.00438584922588927,0.00184621660503122,0.000691995496542456,0.00233022599141172,-0.00756457279587271,-0.00116233932037916,-0.00314719483416736,-0.00253917462086827,0.00253661070389437,-0.00388869240220942,-0.00117749170984627,0.00447955005556722,-0.00178601496672625,0.00124228610209682,0.0014913185247142,-0.00016480039444009,-0.000913154618400652,-0.000356906787160556,-0.000175514050023675,0.000169524905521922,-7.71786573653457e-05,0.000158495911861987,-4.37065394029358e-05,6.3601372343551e-05,-2.86461068308186e-05,0.481462276380607
-0.623535604327826,0.537862142095653,-0.192366286248417,0.203499084758181,-0.405677099972639,-0.550108193333805,0.296502654248485,-0.0258505857753745,-0.0492262026676432,-0.0476797516056379,-0.0580541660318385,0.0565976751795272,0.00101595787376634,0.113295794221008,0.0808153487023774,0.0966215808018976,-0.173555528660338,0.118915622451368,0.0945329542826023,0.00915432371577907,0.0596045602444971,-0.0207518446320281,-0.123639988554084,-0.0807393736443509,-0.0371806828736882,0.0773143903146626,-0.0639713238462491,0.0466803230712002,-0.187880233755894,0.0673662671450539,0.246927001172164,-0.113433863719194,0.25876332904501,-0.0174358953640428,-0.0896541039153261,-0.155493242622542,-0.0335240096079766,0.258935395986301,0.287230046679775,-0.112462941339632,0.250639621707671,-0.0106302035130481,0.120829662290459,-0.142415833723798,-0.0911100473253286,-0.0295162638481103,0.0953385276660658,-0.0308272492942592,0.29142646610918,-0.134649361298276,0.152729258969661,0.0645127119910742,-0.0645867548132607,-0.0280572510978879,0.0459246799877304,-0.215183838643555,-0.158446488073312,-0.0187496525718537,0.136699759803577,-0.215882502279164,-0.0347006980095025,-0.0447430726534094,0.148736301020033,-0.143698614125121,-0.0235515587005445,0.119794631861843,-0.0689351068375882,0.0632857396133044,0.062380771572033,0.135267989286769,-0.0420855347511762,0.0538450412508983,-0.0372010293995909,0.00787837412832179,-0.0155921558705794,-0.212789672617296,-0.0863569559191644,0.212780900114301,-0.0876864650395824,0.0831407539214175,-0.200763681596975,0.0644344013310216,-0.0934244878145582,0.0302384821002738,-0.100835585295412,0.0266607319917212,0.0816386971550589,0.0499431628135072,-0.0677839647615487,-0.00498059382345067,0.0753625742258019,-0.112936603186792,-0.00326825410150355,-0.0720198608475777,0.0103366111706296,0.0675112927884786,0.0773652381380116,0.0528202760780858,0.0337462200983547,-0.055304671718418,-0.0288646749806172,-0.0696663508744315,-0.0414523687954412,0.103917785425405,0.0472081054446857,-0.0218554954575073,0.1158951902733,0.0633983904392737,-0.038251571568124,0.0772006149787388,-0.0917097915530727,-0.0183216283249029,0.0360623013366077,-0.0647692819894447,0.0342714095827003,0.0317152409806531,0.0294687212960129,0.0560210433240077,-0.0102553689333601,0.0528045810181321,-0.0723910216867133,-0.0147554732642111,-0.047980025402954,0.0399388142468971,-0.00287024834375923,-0.00801473262954782,-0.00652905600472218,0.00717023846635997,-0.0200225212447985,0.035475251677733,0.00255784790929131,-0.00827000831323698,0.00418619828265006,-0.00840309492363343,0.00397287384734466,0.590355198340679
0.101720693905706,-0.659680390978567,0.959546577282345,-0.0924630688208351,0.0209629954431888,0.206488756146924,0.0940581752244023,-0.242792755934569,0.0267968223556451,0.112594884660167,0.225843573226052,-0.17192194702926,-0.0143327434422223,0.129579214287592,-0.119267876550429,0.446962465342536,-0.041976324824222,-0.216445219547622,-0.413599416668014,-0.126570877416105,0.0462678342904303,0.136590944999866,0.228906258432344,0.292877609782507,-0.261935043120633,0.0485895706547414,-0.516907273508857,0.146365017456729,0.056714999887848,0.466503042545312,0.242478726869556,0.118602584883534,0.199423286709905,-0.0655951087147778,-0.155100694413627,0.374893574344515,0.335695417425811,-0.399266045457133,-0.378633880284749,0.0133787967195306,0.188464105090676,0.0248416973223061,-0.1602287587792,0.235530906164565,-0.391696302600322,0.138919594403674,0.29954656546133,-0.130361477450678,0.425388100876074,-0.24804665535213,-0.41372709716635,0.368851027827495,-0.0201435564658204,-0.35854494505302,-0.218417824945644,-0.450925858347374,0.306175171501918,-0.498885589401413,-0.165451890289237,0.283652659518943,-0.0255082570047018,-0.0608297282335406,-0.0419615346619117,-0.194851395171289,0.0878064748679102,0.161434534496543,-0.0257818007160575,-0.0458284018679239,-0.0481372623759686,-0.0487108334722734,-0.0585779352283048,0.0893791053205236,-0.0499830545649499,-0.149637563928412,-0.0112617185401434,0.116156167883304,0.0451322660057606,0.0690974001915212,-0.0145203086735901,0.0511183287041686,0.0612908093793719,-0.142370109547946,-0.0504854506878752,-0.027671797827394,0.0965490447756968,-0.150518957114081,-0.0794587222477346,-0.000131588783336498,-0.113083389354056,-0.06083198286616,-0.0416888748231559,-0.0241256787263988,-0.0926029701852476,-0.00923045218925166,-0.0349602461611764,-0.0027504366338866,0.0877107537725849,0.019843574423233,-0.0469225833687983,-0.0344013025841502,-0.00266755809334923,0.00238620971625238,0.0479377485846007,0.00148136330342166,0.000437056003368336,-0.00401835797469141,0.0562214358380172,-0.00517888844349018,-0.0106846657942677,-0.0482205533147539,0.0465785444471332,-0.0208081384630449,-0.0295549195652779,-0.0442361240249406,0.0181893072479076,0.0116091782741776,0.00846031278185599,0.000328392037566359,0.0164463362282742,0.00443333538303427,0.00461592395893206,0.0062363480324783,-0.00711244731821109,0.00325898205067688,0.010960420459228,-0.0016941570139289,-0.000867019417782949,0.0024539192423246,0.00136884958754274,-0.00045233102569872,0.00061273302138077,-0.000630213952815939,-0.000390712990147491,0.000632076172639927,0.000579622726464086,0.408866995073892
-0.359284762557028,0.530570128555154,-0.518084948842413,0.511646923686211,0.633950541791093,0.718196946734779,-0.132416897003423,-0.265495464255313,-0.140893660569663,-0.122349210482774,-0.126567148310258,-0.208788954686512,-0.127845750280499,-0.0890497913038071,-0.0219085192532937,0.220333965415944,0.12340236255914,-0.256516590150405,-0.0580699409881504,-0.102192570530134,-0.0591079904341891,0.0826838315089044,-0.124305936894696,0.305124499072442,-0.0631928887456717,-0.0264876691852605,0.0222046210284543,-0.132192831488234,0.0247775143905426,0.0263943727608519,0.00946764145310037,0.00438680064628069,0.253168542100924,-0.0932325960437201,-0.167682940960061,0.207688764565162,-0.117216722782124,-0.213228738213906,0.143155971221921,0.316616138673116,0.0241985827985548,0.105531303671182,-0.485442810343477,0.219790834617653,0.243253069072931,0.0104332423860886,0.0811343377047736,0.839352448704311,-0.114834503427172,-0.254806657622739,0.55342902175704,0.0636802216409896,0.56949499802416,-0.159804453708149,0.500535103868281,-0.423338635438044,0.248439261393109,0.0917410859658082,-0.0366651975183038,-0.0977441541870899,-0.0811186236739709,0.0164857856562229,0.261913759561891,0.127330289295931,0.100341569016576,-0.0698929687645558,-0.0615391417688762,0.378005850631947,0.0667770444735469,-0.0742283802767311,-0.0495809985636055,-0.0403408111786813,-0.140200111747667,0.0393149866674235,-0.0945535719937005,-0.0902598702270458,0.108713863360469,0.0466025074166359,0.0878945407626057,-0.0895787971160662,0.0294216151917221,0.0318795365848367,0.0685138548009739,0.199308093737017,0.0386818742232641,-0.0162819623346349,-0.0541665075218693,-0.00198368307244381,0.0224957401946689,-0.0128526348586221,-0.0991210944530485,0.0670933251201255,0.0171469400594508,-0.0311509702844997,0.0172345737299101,-0.0353293837538277,-0.00387484608633887,-0.016916744258355,-0.0123563401343327,-0.0562630102101147,-0.0387815931611366,0.0253720667010972,0.0557418158378482,-0.0200122773061074,0.0110995980954962,-0.0150341211965719,0.0362948927026321,-0.017705502742583,0.00342397376141904,0.0167258114042169,-0.0138351503397891,0.00799505635492185,-0.0164195766356436,0.0156173941775058,-0.0067239989779851,0.00102034653237507,0.00112865536615533,-0.00873525509758198,0.000292481220684506,0.0083103408301979,-0.00433991811502304,-0.00100507043515186,0.0065872518192448,0.00139347652147672,0.00183537302592756,-8.61383886740594e-05,-0.00466088816878825,0.00161948318805846,0.00166395310914665,0.00175222948621253,-9.57884335537925e-05,-0.000122926491186119,0.000116079151471844,-0.000451789687534604,3.16833736356963e-05,0.626652838994037
0.466750328867053,-0.500178476244936,-1.31817337708255,-0.545773259528584,-0.239419088489357,-0.373959869609078,-1.60897841717762,0.163759327689736,0.684377629340782,0.352704259472506,0.134438839703987,-0.941878074287787,-0.418528057035415,-0.457179972709839,0.106807757670799,-0.471382334139072,-1.08345603382338,-0.704820096107197,-0.945144940424563,-0.468422790413694,0.453796109043047,-0.761102795846097,-0.457306538091521,0.0223942176409015,-0.0598748856932062,-0.362429155247878,-0.274325673365059,0.671237044105973,-0.266790791135407,0.0718362487857126,0.0135168919063594,0.143702317904457,-0.59909799195229,-0.18586811788264,-0.177875611108937,-0.327221018408537,-0.146177872317737,0.0872475981822407,-0.147763831335693,-0.647562951975492,-0.0168589351219123,0.279479116855345,0.0368452132620107,-0.32069796983187,-0.127409276405892,0.270837402451473,0.065540462694343,0.223817315068317,-0.141806194815523,0.146304384178492,0.102618605383084,-0.116232343902182,0.00692672264537421,-0.349267781177244,-0.133856939086417,-0.0317576998084907,-0.0347504923000121,0.0960608964024808,-0.194153440511294,-0.0973582580112444,0.076877846933263,0.157056973268587,0.0061055606853505,-0.0566491381982624,0.0293034730109362,0.0704341667615728,0.14705725915358,0.0859227290806295,-0.0240835683715661,-0.00583075205694999,-0.0291988125162576,-0.0412358153709862,-0.0761240758475856,0.00594286452108417,-0.00321383057711416,-0.00742481548517671,-0.0371946038597327,-0.0254979422295411,0.0618124105246983,-0.0113251907631395,-0.0103572367803289,-0.0227897147316381,0.0312045555952886,0.0395053691516369,-0.0172408790495267,-0.037513362782683,-0.0255986742941398,-0.01359867272368,-0.0403172825102425,0.00425952999130044,0.0207436699344186,-0.0254448948341499,-0.0192461957300227,0.0170168356318936,-0.0299154124467557,-0.0294186227298877,0.010561943393582,-0.00222665548991362,0.0131777202426857,0.0134537174240035,-0.0222991337808879,-0.000815714567313364,0.00223978443261823,0.0124962728149157,-0.00664877680857572,0.00686150767744406,-0.0153939763726838,-0.00206862911466536,-0.0090392212024529,0.000710949622868503,-0.0111488740484318,0.0023734262402865,-0.00129155646656641,0.00421922249555437,-0.00248021393391086,-0.00088711454001942,0.00978712563516904,0.00397846501582184,0.00333738285194725,0.00535127984486767,0.00230608375902111,-0.000972236920725434,-0.00108770878084764,-0.00104179805773129,-0.000310271058796281,-0.000913285244441001,-0.000190849907861139,-1.04276244441124e-05,0.000116622417073589,0.000101189458413619,-0.000323629942007698,5.67315228358114e-05,-0.000191590709044639,0.000127405804894454,7.49300052611441e-05,0.699248120300752
-0.0366860600968035,-0.690376307875773,0.825118190709785,-0.887899743626888,0.479533976627948,0.619663896875667,-0.615268721117625,0.572661595194714,0.156860001690043,-0.414348483176887,-0.495118256159524,-0.644667079095137,1.46329179875769,0.0293529849673671,1.48664268172133,-0.325233055475467,0.556555468791952,0.0570545820331689,0.130172389339177,0.139205517431191,-0.293466757538009,0.192775648349413,0.454792240951886,-0.375181207000807,0.208109517647057,0.301574421777341,1.1841014668104,-0.169495959231748,-0.817220531765499,0.465696623527782,0.00823250461433915,0.164748004970884,-0.072318815064643,-0.464565612427422,-0.729152634134484,0.327104674233788,0.378420353826536,0.257396312343521,-0.072512174126182,-0.268955940109821,0.278891567643429,0.224889364670817,-0.0887179668222948,-0.248499988109427,-0.0333727089175021,0.127908794529778,0.067350163055745,0.0835010315603767,-0.138425000564058,0.0198764847129326,-0.00811270316551391,0.0839900075038011,0.021112249820961,-0.0556750869892509,-0.00219841791979878,0.0408988413976556,-0.0797175086427831,-0.0809567550428033,0.0328434344107102,0.070681034240468,-0.0230999255859556,0.0231283016723047,0.0219444926528231,0.0138736383968538,-0.0664974909551512,0.016981948126214,-0.0145257299964865,0.0469706999224685,-0.0443010440735311,0.00919686022727664,-0.0366315468701277,-0.0118836160170414,-0.028511144821153,0.0109072206744859,0.0427099074342486,0.0230349793626039,-0.00374689273272899,-0.0105231337277787,-0.0244615828624299,0.0535419261996051,-0.0253343841605381,0.00737465206887186,0.00112273340000667,-0.00903474051526548,0.0197044064983573,0.0311753037546721,0.00572730936767113,-0.0211781899193846,0.00779069752332477,-0.0119336395592346,0.00430422470586287,0.00739153598616137,-0.0014014164716678,0.00248862651021957,0.0101961114034545,0.0019545486978379,0.00422550385055239,-0.00982412514916639,-0.0109215761405074,-0.00976841001143396,0.00316208042750028,-0.000153581782677067,-0.00777562568688725,-0.00546181642592105,-0.0120767197242803,0.000172712414008746,-0.00246450384077079,-0.000422058509172473,-0.0026731062280471,-0.00327277406179977,-0.00246084321474734,-0.00260342529227318,-0.00118973207529699,-0.00390500941359256,-0.00221467325805343,-0.00105578500517574,-0.0012005208344988,-0.00246947633083005,0.000114354979910862,-0.00369352174722942,-0.000512425336982019,-0.00119918160604805,6.66150904618199e-05,0.00116324652060553,0.000198419991660036,-0.000148165107579706,0.000207786127929107,0.000220378538209229,0.000337344941502474,-0.000102390961641783,0.000147348377187547,7.70082501373829e-05,7.47165533737079e-05,6.10319032690018e-05,-7.35869158538341e-05,0.595540575576873
-0.08440647526483,1.63002239426217,-0.608411137392032,0.0615245886357443,1.50122495534613,0.609667701893834,0.335562509967627,-0.287325578083821,0.0113423023418516,-0.04653797253127,-0.512711118388965,-0.425734986365593,0.121261812962004,-0.132877834953668,-0.292717470574232,0.518262528232883,-0.0354878117592624,-0.756582001325947,-0.0549506989330839,-0.0801742983116388,-0.0215656223437328,0.0166906659963737,0.171457871586627,0.00109653646821475,0.246002824481566,-0.365325698619519,0.0745215580410942,0.0650750043325238,-0.250986823091438,0.0156459795106257,-0.0135516712829535,-0.187590185159972,-0.198713678082392,-0.140872425800671,0.430661136648743,0.0216918056970605,-0.17675842247007,0.11314574260429,0.408807800459594,-0.192210489538332,0.137373521625019,-0.244368923349664,0.221337757300018,-0.294040679799342,-0.289615539342686,-0.387721045121583,0.0197405668385752,0.198138017384669,0.294269308803784,-0.00646414076867088,-0.279437049170081,-0.115283661781363,-0.00745976858842229,-0.0578570435617683,0.261527420244976,-0.00291599529412514,-0.0873446795740992,-0.0134059597397358,0.19134034688854,0.0682016862835483,0.144557159339644,-0.0483707269146756,0.0925061263204435,0.100491003204363,0.00203480772536649,0.125545041512524,0.00801790654071748,-0.0402478655841306,-0.110137223282244,-0.292483520069913,0.00475321842139177,0.0434641705744582,0.169691782928104,-0.0225016982313747,0.215219593377456,0.26005849562413,-0.0755735859914225,0.0401450814425766,0.00399033250187212,-0.206985719022166,-0.0759523931257057,0.0884540226873119,0.0698529560257589,-0.217148262039315,0.12077527461029,0.0950284014262308,-0.0988211288588754,-0.0639599707515718,0.0368385219496179,-0.0259463261758334,0.0193217117113356,0.0599508032532064,-0.0612472245522357,-0.0287261546845554,0.0448183264687091,-0.0625158334391887,-0.00180271050594836,0.0182313289390287,-0.0137711976412504,-0.0745929724448705,0.0879830667755681,0.0499393558791619,-0.0445211832368321,0.00489129433213358,-0.0531369614075867,0.0260089490103069,0.0561551109932185,-0.0160826050431831,-0.00471904654566599,0.000784766325446416,0.0377214412254269,-0.0156613192454449,0.0158443153988385,-0.0284183378094919,-0.0444113984049118,-0.0209431834865953,-0.0242509795664101,-0.0162241723777798,-0.0370000238012224,0.0443102239187687,-0.0244636959563466,0.0089731729314138,-0.00787708304751891,-0.00330134797507486,0.0211354890605884,-0.0144086171508286,-0.000388650495329762,-0.00581185916173468,-0.00418051300557645,-0.00203777313798946,0.00394541422981446,-0.000819078416021206,-0.00134108747504936,-0.000310425962048139,0.000828091740612899,0.517759917033964
-0.550511486512131,-0.164461760128289,0.125506628842149,0.0473048500734299,-0.304192188139086,-0.0703921580608882,-0.418034886050993,0.109491371346788,0.150753853944394,0.00132142671268556,0.176253804664415,0.306677580658127,-0.0873448706243093,0.131130489964341,-0.0779119891027662,0.115297037749387,0.084090906027946,-0.0385910802734731,0.113701091919482,0.105557789730212,0.13113874818846,0.175367639383534,-0.0158431051899996,-0.0144317515272452,0.17381253351733,-0.0732092622908121,-0.0548329376583578,-0.111006696608927,0.0568260345927202,-0.0429154620059774,-0.114587275844846,-0.0442919106795643,-0.0533033022911208,-0.0331332980024725,0.128321740659172,0.196092381240391,0.0422542968777443,0.165616952847992,-0.0453564703031291,-0.0512822774191829,-0.113840461195004,0.0293030510264981,-0.035221407441362,-0.0576683403322974,0.00211116160698155,0.0466402879725492,-0.00140072399474877,0.07957301495168,-0.0398781984410971,-0.0288042990715493,0.0170626368229423,-0.0519444611838757,-0.144824645057848,0.00598520367638597,-0.00473851449102319,0.00463613062635422,0.061500357172995,-0.172205982534485,0.00985268904189364,-0.0851039648796704,-0.0336714086764823,-0.0345563901635305,0.111803853879,-0.0721219076080265,-0.118712351574677,-0.095801004832242,0.0379515295561276,0.0467275583027971,0.0357123991684985,-0.0714544894306679,-0.0936285275409102,-0.122109311576768,0.00277645310606624,0.0697751612106211,0.0652055873147691,0.020283333710873,-0.0567935754574779,-0.0566405368571593,-0.0189875446574133,-0.0723077094832686,0.029098042706434,-0.0462228209012826,0.022492350358646,-0.00764919838454803,-0.00418061673420833,-0.0258175316103835,-0.0603481147484547,0.0347466035542278,0.012883031736883,0.0105205030425144,-0.0176932128592814,-0.044459160045032,-0.0848483207082735,0.00957614333925564,0.000654493055256109,0.0347059691627208,-0.000224800299075472,-0.104999124125994,-0.0111412418010435,-0.0523159437428408,0.0569019547861936,-0.0647631747643658,-0.00610782855751914,-0.00829988132339527,-0.0476559804938218,0.0137138616455917,-0.00866816192080815,-0.0176436867777394,0.00448215131989561,-0.0262729117751933,0.00127527641587603,-0.00954772012186965,-0.0189604114640915,-0.0133023284375647,0.0105734212534591,-0.0508783423862351,0.0320425377426388,-0.0642225034779161,-0.0212206725953366,0.00465627068321165,0.0409752419738493,0.00731762805985066,0.0354387139820412,-0.00929275727349397,-0.00894883341036591,0.028418365120886,0.0657330948150926,0.00693222369898764,-0.0221440671143648,0.0449354769582227,0.00231181206143224,0.0253022759348413,0.00889944991239216,-0.0309272585730377,-0.0166927020483645,0.382940108892922
0.114498329990881,0.0563243325724132,0.354357602406453,0.40312101570566,-0.10149750517721,-0.332460039181325,0.277137791833492,-0.0894560256971794,-0.180051594579801,-0.165134666384803,-0.110858739112051,-0.0275277365628333,-0.125595785883589,0.0156377705782591,0.27883765905686,-0.197573108258574,-0.0161443231573923,0.0187066962238768,-0.0869961045240581,0.155130646387404,0.181695301515147,0.147303653571339,0.0472958720212866,0.0990474471426323,-0.000528803278650896,-0.115573535176763,-0.118567193688827,0.0592677231878427,-0.0523960121443877,0.0270009273045012,-0.0973223571210258,0.421471916967546,0.266082962111465,0.0372029917772936,0.0789142987023917,-0.0541833131448526,-0.17323254393041,0.0608630425964459,-0.352320471350153,-0.0419199786770825,0.137128388591137,0.108864508843668,-0.0297490586555892,-0.198543869821513,0.287731441935336,-0.0053884663035382,-0.0718619561245076,0.0343052193537976,0.339008337708437,0.00445009517942798,0.162687145045685,0.112378187931059,0.153722950943467,-0.201969082622014,-0.0992348352881735,0.187348468050569,-0.24327283445168,-0.0424866887582234,0.179438994392606,0.0403594537846734,0.0560239651622837,-0.112156462581249,-0.0710382458671677,-0.0360356730202204,0.135035438966448,-0.0122847259961994,-0.0887918470053963,-0.0695139799326448,-0.0934164720861121,-0.134377994726751,-0.0155622717920483,0.0364374859549916,-0.0565218064946207,0.0247515356061717,-0.0877762261588825,0.0156396485495419,-0.0403312108579105,0.0199482569591056,-0.0871942164335015,-0.0777033579183028,0.0541182623332893,-0.0442970155468188,-0.0520279754415096,0.16159467044347,0.0754800121095386,0.0737666138389742,0.00620921942452232,0.0116683882459352,-0.0123192514753347,-0.0286223065810822,0.0919216626511984,0.0335191600110095,-0.02776815912496,0.0154573994428461,-0.0832926781492428,-0.00849478014724396,-0.129326482207414,0.0194916394521038,-0.0325946530491492,0.0884160364356059,0.0302276890623965,0.114133772346211,-0.0132589024324797,0.0952326962357499,0.0514758530698236,0.0444614579768744,0.105006346591502,0.0768159296887774,-0.0142828488431158,-0.0294043604244683,-0.0669268736755535,-0.0534871311817317,-0.0518575906879631,0.0622966065775104,0.046774093185642,0.0070425922935694,-0.138921475338102,0.100348653881517,-0.0500095572772121,0.0217531956686175,0.0155555756274179,0.0200845731177346,0.0356769682208889,-0.0588184319928895,-0.00111316571638635,0.00690885854084395,0.0307313840584434,-0.00547332422046137,0.00644722607277312,0.00611197662477977,-0.00229877624812362,0.00230579134514173,-0.000411486120189433,0.00469481529572316,-0.00424061983651536,0.491833030852995
-0.158005686558931,-0.252441186942678,0.440324166559271,0.377570526630415,-0.355845262760799,0.0552710172412698,-0.273004235088567,0.0533558051165025,0.173489499820336,-0.0586793241628234,0.0399741324906757,0.137473879382743,-0.0879827193627629,0.0881208310281604,-0.0898332821378971,-0.00469386318207864,0.220668554802569,-0.0167502879281065,0.201637648390589,0.0555931568695942,0.0595499790166862,0.163725640440648,0.00395649752131157,-0.0441549276339729,0.169623595192007,-0.0857541403386801,-0.197777277343052,-0.0913157297880836,-0.110473498086833,-0.157633435503603,-0.0383415382399958,-0.106477665166973,-0.125895876459274,0.103768825267425,0.0965248558391637,0.0982617607299079,-0.119859893087553,0.10799487243382,-0.116928929722826,-0.220533990491309,-0.0852617868741273,-0.0321600335451003,-0.100593524076788,0.0954229167619619,0.00121299728651461,0.0873785302347688,0.414925008265473,0.0893152282070925,0.12548352683733,0.0965218974552093,-0.156483395658317,0.128710743721885,-0.0727716681714393,0.157586185662515,-0.0870958050951428,0.0209380518116582,0.206787148046976,-0.377935063722227,0.0105171113484023,-0.0405726340989288,0.0798426178157369,0.329566753926555,0.23566331708466,-0.00966833539980985,0.112207889876653,-0.0831230911132418,-0.0305870631470237,-0.0341368460682334,-0.226032566118492,-0.170405700359712,0.0445293184703586,-0.0600824425215389,-0.0194402106766456,0.346637663153353,0.109549087422499,-0.00976735669125745,0.136446638079695,-0.0964280300667853,0.141263802175232,0.185770793131232,-0.0177429745765112,0.312632190134958,0.0923727082589773,-0.0206067758429447,-0.168648577685899,-0.000245104244271153,0.101113452047602,-0.087909401917079,0.166162281286609,-0.0180320810270811,0.161051750739926,0.0892802500921919,0.141672381992707,-0.0187064474400434,-0.0679968505147843,-0.185363520306749,-0.0431870321032214,0.0544371683056587,0.0557603657998639,-0.0323757326724064,-0.0122567717638998,-0.028765579128151,0.0277494009812425,0.0762438874967012,-0.0832736002937934,0.0174573126072556,0.030197897134096,-0.0131051123955743,0.116792314884425,0.0137121551360868,-0.0183260942181504,-0.0361771517429148,-0.0767049566484653,0.0071346458779839,0.0341011631882024,0.0417452516766125,0.0348921446320655,0.0333207035463844,0.0313095398111785,-0.0249556477051539,-0.0302093776402098,0.0265641801176584,0.00461250787438503,-0.00751929120823911,-0.0123129321018625,-0.0154407637562425,4.70076792333101e-05,-0.00253739689351003,0.00132225437217772,-0.000201074294385166,0.00222415750060933,0.000185815533492997,0.00060096946094911,0.000198441830658455,-0.00018658095255401,0.403681617837698
-0.649245433188775,-0.116629405192051,0.386605029048423,-0.0896589290517364,-0.144860125167967,0.315410690008321,-0.287919273801028,0.219223214169781,0.0135940946182892,0.106257644741833,0.10833727053953,-0.0523010912470249,0.0577265763539944,0.019884448920032,-0.0113623342693898,-0.0748228222487397,-0.112111451010928,-0.0553671082721632,-0.017152998720949,-0.0749858001370809,-0.0770840812686752,0.0192235103380016,0.126469973403537,-0.0644223215490738,-0.00657491200713244,0.0915582397845959,-0.0546273809514342,-0.0620316989115087,0.070490259932925,0.0935169913028306,0.147187357150892,0.347897705718429,0.1015549082548,0.248856637058274,0.153957163494402,-0.00605729856222112,0.243764791311834,-0.257222455031602,-0.0739010066934673,-0.128321587013858,-0.0859680059441218,-0.285624372551105,-0.0580691097402062,-0.149580595693419,0.0895428703734031,-0.0396005820152116,-0.0339747368442043,0.178451877273981,0.0618266468840098,-0.287925212596539,-0.223370101721047,-0.538930660833562,-0.125938413595769,0.302902827473002,-0.207935670342844,0.0242808005254529,-0.39340449460951,0.00829017544937731,-0.121498994341615,0.222427994401172,-0.00895025803611889,0.152433628847344,-0.0505264008697408,0.194338974816031,-0.0225162445977577,0.234325149008524,-0.242654345480614,0.313197489469926,0.271515245317458,-0.152468468461199,0.206803134326411,0.116683374759779,-0.205895562536748,0.0691638209524002,0.0599074056595202,-0.194619730254225,-0.0555863657486908,0.129711132050591,0.0739139406793815,-0.0899131299734152,0.0888332366741831,-0.145571961787433,0.0468252338244508,0.0641553409956807,0.105883016595908,-0.133758928803529,0.0686183121472694,0.140318526518518,0.150873345563263,-0.0484771490079043,0.0376703467017435,-0.113831827869991,0.156723655374941,-0.0640711314059429,-0.0884062002839517,-0.0522488536875192,0.00927496337784878,0.106611269740589,-0.205371317667996,-0.0592962943021514,0.0803066858049854,-0.0574406470866099,-0.0296768165951696,0.0242874806583424,-0.0552027246321541,0.0243191065255904,-0.0486067323339064,-0.0617623787976327,0.0285738621267542,0.0305633861799488,-0.00332649470920349,-0.00509827044308207,0.022336394895098,-0.0143453351335083,0.00546342433956681,0.00820181976173668,-0.0229672147897108,0.00120441661324929,-0.00125842592235766,0.00254932960801559,0.00793076017882423,-0.000343403589711778,-0.0107226973845936,0.00497883369243651,0.00218975395646754,0.00389488055922967,0.00272784612514156,0.00118424423839488,0.000871923380323717,-0.00220908034682504,0.000116349134270579,0.000599876330676078,-4.5687216048408e-05,-0.000256275088636441,-0.000118100076122542,0.347420274824993
0.0236564283672269,-0.123973496807605,0.376387406630933,0.617868332174079,0.0904516040585914,0.668995347491262,0.00877850847909655,-0.0209168078295446,-0.103962906582594,-0.164450092312248,0.40322256317158,0.0223180668799901,0.0811493822521357,0.0348361971551122,-0.121801495827583,-0.163644267635986,-0.0696604744941665,0.0155123888801512,0.407742534970046,0.0663062874550635,0.49058723802961,0.0172558418046228,-0.108424263617762,0.18347260985901,0.0224711775437263,-0.168896295012579,-0.10494021667291,-0.0221212771452449,-0.295848347123185,0.468171310758693,-0.400724483838143,0.243565136081736,-0.142646378605663,-0.0375484842621162,0.0201851259449231,-0.58404013009442,-0.176161440771661,-0.119223047364074,-0.103858327528867,0.702973543270142,0.301488529872607,-0.063045932736939,0.0642991930944435,-0.542907484417938,-0.522613564140668,0.271093799418143,-0.139473160479003,-0.0962516476844587,-0.0605344680211335,0.439343423651426,-0.0770404351762939,-0.0257574057362714,-0.0482320226291384,0.139499673601381,-0.0701955026063158,-0.373568264932864,0.206879256009553,-0.00148696447255998,0.140634198240616,0.346240309336961,0.445058241818727,-0.145853048862459,0.184592653529752,0.127588242607451,0.105379537890587,-0.24359415696119,-0.0881393082346809,0.0449249811678296,0.0694026685121897,0.281189342271029,-0.182896528501194,0.0555387376474734,-0.00528905931289676,0.0546485552449611,0.0894200785138091,-0.228815502481379,-0.0264869478367718,-0.0120828776799639,-0.002332750379427,-0.0125325149361013,0.00759487905154868,0.0745958237286658,0.0197775693261794,0.00616156954386022,0.0215425981207126,0.102473255220212,0.0167925448471672,0.0861927397384573,-0.026734512837539,-0.0253332596828995,-0.11373612774043,0.00424742941364139,-0.0173384110514282,0.013101081132301,-0.0832302194561519,-0.0207132359698385,-0.13408993145673,0.00733625946584575,-0.0618219091095412,-0.0207532479382826,-0.0209032826389195,-0.0137054514595493,-0.0251922397439817,-0.0288948878592642,-0.0442252077375963,0.0652629479986202,-0.0312511946833001,0.0388493861440904,0.00774114179367688,0.00906002739888654,0.0130645143113195,0.0213300704589262,0.00585525306012516,0.00694471893830583,0.00104833692523624,-0.0170595195941337,0.0176534640026449,0.0102564328223712,0.00341266204738361,0.000686743160473318,-0.00255535852899713,-0.0125365029540741,-0.00193071127088123,-0.00337648535578426,-0.00204279280642427,-0.0013539519201231,-0.00147328620129372,0.000293583615146403,0.000715882147091566,0.00179957710359037,-0.000191869178867707,0.000541353551927379,-0.000596782519126718,0.00114562697392119,-0.000323735849068864,0.662950479647394
-0.221140216372065,-0.269483126623349,0.982824689502359,0.399446911216614,-0.188669280461811,0.385877889326727,-0.070507771754734,-0.17439832537435,0.0588470121604498,-0.148618790132209,0.279278047191184,0.228057326634243,0.377310905773096,0.127663654584059,-0.151234096751593,-0.386273858201788,0.593421802239343,0.144165979734671,-0.511425713077342,0.246188730536653,0.765851966902591,-0.285910088009415,0.214829007164626,-0.181100439152037,0.329919917954845,-0.168263914663976,-0.060941092570136,0.534649541460903,-0.150703143531185,0.106688495794488,-0.00617174252651338,0.0543543934216539,-0.135779117633036,0.248012565485899,-0.333487158856812,-0.315143190024022,-0.184867851565121,-0.0218227061265705,0.102971853047539,0.247993027358156,-0.135999158882929,-0.302066312280878,0.00106455054519164,0.340705187131161,-0.0223149084014812,-0.249537721277499,0.0354672971003199,0.0307277407580954,0.130895776634496,0.082322481549748,0.0768909024283473,0.0801990767711211,-0.183132341344922,-0.191867079145873,-0.0588972585586617,-0.29633677185104,-0.218148742976527,0.28315306425966,0.0603500213526702,-0.0291740880687949,-0.0606188782286265,-0.221368246652762,0.0574318094682823,-0.0715059852268962,-0.136995969308292,0.0977663229133594,0.251903302946491,0.177622447333836,-0.0873294230168502,-0.218592040865919,-0.110699640450367,-0.0818621897585076,0.0751504733102886,0.125402179689422,-0.0214588858165602,-0.162499741086816,0.0649451201972487,-0.16172709379325,-0.0938806309720116,0.126491786455051,0.146381437275715,0.0454248466615555,-0.0591571929893919,-0.130297733322819,-0.124073005758791,-0.072094526960157,0.0989194591124886,-0.00261661125779138,0.173911726786861,0.142686507079972,0.00634345657081135,0.0873295958195408,-0.0987335995240101,0.00829662502470343,0.0442867665173576,0.035436960086316,0.14089125348059,0.0914642734575237,-0.111329706416382,-0.0103302925743955,0.0974374731714964,0.101544767421093,-0.0287294953827145,-0.0854893226459739,0.022442366800354,-0.103465011545675,-0.00583139913060196,0.00787031363393224,-0.0420990569254353,0.0297787905701411,-0.00327980888331793,-0.0270155127085346,-0.00925030691900981,0.00255748484342746,0.00878948189004124,0.000423722428274803,-0.0208420896902728,-0.0132510054525671,-0.0076760919037947,-0.0174290560270086,-0.00759011203276225,0.0188511461027115,-0.0103460468245289,-0.00802651608879438,-0.002164776319021,0.0125830127587147,0.000699934784898049,0.00439083484036682,0.00285726514175322,-0.00348304708164033,-0.00114107477310824,0.000521825889898345,-0.00130816169939723,-0.000472331659809452,-1.89552393402705e-05,0.39331086336531
-0.419361525410952,-0.254991956862648,0.227229302189899,-0.0591234705751724,-0.159953681662983,0.0242279862458682,-0.498183064840424,0.100580544055538,0.192390108024927,-0.0588557652388763,0.181319760806411,0.322543686676914,-0.0731365452685184,0.174931748272092,-0.00474590506675278,0.015314818072948,0.2386128365832,0.0368127373106816,0.00900368262651698,0.145024087610647,0.289136828339465,0.264236949757328,-0.0369662853643143,0.0470523242723916,0.272121867628701,-0.190172743871961,-0.0297973817548497,-0.0835471799787251,0.0358207569213423,0.00476598964415468,-0.173558873616529,0.0119768342566505,-0.0560032465174298,-0.0347083237293811,0.179830491170294,0.166481389062642,0.0395823864552898,0.188462411015551,0.0133550711484266,0.00887077828986787,-0.167369632994035,-0.00627469845221304,-0.0265759491809413,-0.0843114313953312,0.0167550480712349,0.0609345113709645,-0.0440420348675578,0.101984737431507,0.0522183871923801,-0.0815698218745523,0.0382112898321341,-0.0512848494539717,-0.131748734440841,-0.0761339255980973,-0.0399542220592006,0.0222832485259685,0.0609614807443625,-0.0520272485062906,-0.0551482055772816,-0.105083567136287,-0.0416198043612775,-0.0467834355970039,0.155437560799433,-0.13649182139487,-0.0404098258591866,-0.184743361665883,0.0733450402913198,0.00120165211834343,-0.0257985974203766,-0.132402103435799,-0.0409220677065212,-0.101953265001889,-0.00562331875113531,0.0552003162374829,-0.00251916410004277,-0.0265472206827147,-0.032738664114918,-0.0805721028747281,-0.0918197404635814,-0.154099388050088,0.00641102853831203,-0.0141837897569099,-0.00572147548175043,-0.0208920406459163,0.0978940091761891,0.0419083185532466,-0.126975245830548,0.0381873037253035,0.0216305532128732,-0.0020734466022351,-0.0175160482702953,-0.194103695106824,-0.135473230065883,-0.0578948325209881,0.0454313582386177,0.0291632462959807,0.0196157432976172,-0.0396539666890125,-0.0311036376761401,-0.0030640806817374,0.0533170610038151,-0.144045759161731,-0.0140274815505692,0.00250524823263051,0.0185901687698662,0.000239708397623606,0.0739521958512961,0.02776761430854,0.0627469151441172,-0.00907621423154483,-0.0265193489367557,0.00498661811165892,0.0461876684983897,-0.023404232066609,-0.00913887894574707,0.0453960750242466,-0.0374985808914499,-0.00492617508475458,0.0648476029120221,0.00651087487705299,-0.0236123702527091,-0.0657243687251175,0.0644828582529524,0.0318926973475097,-0.0709742495794306,0.0108681078270764,0.0252042759453768,-0.00670516917722908,-0.027422838142818,-0.0320774284412052,0.00650041949877748,-0.00871439247509085,-0.00452179718876904,0.0207474769132688,0.00844106961465748,0.227378791807104
0.0177973311472757,-0.0419912407047354,0.345030728918308,0.813852017710461,-0.554100265767214,0.331688633415771,0.0848106635211748,0.219518880502072,-0.00681711655862414,-0.194293634362597,-0.0354039247820688,-0.00882961849909066,-0.26111400974603,-0.0576588961869552,-0.174562759178604,0.0733103418320745,0.00608324789302854,0.0330654876873807,-0.0319689883307874,0.238729310533207,-0.161443258664123,0.157317496832491,-0.18027220525502,0.0825249924395033,0.0580258432421986,0.0451506450715767,0.00368389790499504,0.0322656796155617,0.160916903382682,-0.129603495439064,0.209374422695176,-0.166831862556956,-0.036681479009456,-0.113238677058215,-0.203955380146641,0.0325720307262546,-0.00876363953442569,0.173036634288171,-0.0348728149395439,-0.276879880281682,0.233717712677859,0.0336459662186139,0.0247245527963537,0.0971321183070912,-0.0684344672316631,-0.0547547970345519,-0.0797623055369931,-0.00620041049427137,-0.186151400574113,-0.0398704946561456,-0.05412954661838,-0.160754929285387,0.029422986730604,0.0815812335441587,0.141301139088858,0.0535159134313362,0.0817389079272563,-0.0744744188677675,-0.00954428804086506,0.0984592833489679,0.0307019074477426,0.0720229369947993,0.0819054591593452,0.0289124726019066,0.210827829118433,0.0548647925753579,0.0447940741422131,-0.0138652364057074,0.0530617020368575,0.0134612204831291,-0.0647603227054933,0.111057076358906,0.00310487111082687,-0.205389401801152,-0.0208338086564178,-0.0829082850826145,-0.0498460482090819,-0.00197131182982543,0.0659173150986646,0.00571111992273149,-0.112938149892002,-0.0588667668523459,-0.0305664483435277,-0.0100734076976567,0.00481745080673978,-0.00636532331832909,-0.166578094571378,0.063558492592978,0.021979941712786,0.0487210178291054,0.10016170280016,-0.0147807985687911,-0.0284915093896597,0.0836561785355725,-0.0585454150336343,-0.0136162415409069,-0.0822876100326814,-0.120062154984121,0.0918886445805874,-0.0666093440839182,0.0860271511476164,0.0178709483142263,-0.039127240830872,-0.0914889791287896,-0.0719176273747452,-0.0380449979299332,-0.10185814602868,0.0725654305066618,-0.043792526376333,0.0806240931838539,0.0172258952859719,-0.185798481200552,-0.133688005193099,0.000706484892635745,0.0252295744611986,-0.00522559657903061,-0.0536465579754512,-0.00697659182648749,-0.0334481579041041,-0.0314926015536339,-0.0300479054650278,0.00259039750578671,-0.0186399981362113,0.0383207524321961,-0.0215095928849576,0.0657275640881849,-0.0255008016302059,3.61138854449352e-05,-0.00683241734010233,-0.00930007059874241,-0.00512608784637376,-0.00423718941294181,-0.00468364289775882,3.59977539083292e-05,-0.000573313373016693,0.270158154005704
-0.268227142981129,0.067646774635721,0.611079501165523,0.674348531765181,0.646202767247285,0.627691870205389,-0.088642605869351,-0.0733289305000125,-0.1041844338667,-0.22880963394829,-0.0712300639359398,0.00829250882127392,-0.100637379415227,-0.271894895162634,0.00221242572296875,-0.295497023731477,-0.199925875389185,0.486452955993058,0.0464559340392952,0.102224095966192,-0.194663684921569,-0.0992010465970447,-0.307498056625296,-0.0967717517481153,-0.205251527079472,0.145020613444059,-0.116467449003438,0.318019454010648,0.0118708948784457,-0.0935056563505728,-0.215262874366873,-0.0200332985798951,-0.0247176895919571,0.164722981205301,-0.0421489128777328,-0.188538562339969,0.287573488446765,-0.14548930221272,0.0491318713468895,-0.10589726263047,0.00396019235046224,-0.0441382440588917,-0.0638639344326227,0.117324527012133,0.147490647280353,-0.114238297507106,0.123780559644284,-0.079189283129416,-0.0945053637344166,-0.0189697486908708,-0.103062680755699,0.2144106294315,-0.128496862699443,-0.206529407313822,-0.169654579096873,0.24311570035471,0.0807897050781148,0.0877585414398166,0.0312431015456235,-0.134667236929824,-0.000409325710862961,-0.10498349456506,-0.0131324880066655,-0.0465328093880299,0.002087319111303,-0.0780038877827424,-0.030642305811848,0.14997319484652,0.231702854648203,0.175542500868448,-0.0246993567539786,-0.0991805832269845,0.0244932958873102,-0.0764599884983067,0.100203067806275,-0.0846755118094886,-0.0677689468666098,0.0704062838950242,-0.0759690996987507,0.262105258471333,-0.188804143447754,0.0417306882607022,0.170541862932287,-0.00104702087006465,0.0244630483729652,-0.0599528336718824,-0.0670476212588741,0.0908883659659308,0.0566167039781911,-0.0547002124336216,-0.0214866385886787,0.0251612761429035,-0.0255243385945261,-0.0063369080540423,0.068117589130082,-0.131218942480586,-0.0388223411269776,-0.092630559298285,0.0671512343210663,0.0441228496721941,0.0770364549429712,-0.0341237068060285,-0.00844150486861059,-0.0754064624827139,-0.0582399136847052,0.0812907940711771,0.22119362168806,-0.142382300919238,-0.0270811040954103,0.055650992993038,-0.0291530652809331,-0.035820183386839,0.0251104816512045,-0.0273107625061967,0.00222654714140332,-0.0190420766558193,-0.0341109737178173,-0.0305985259916943,-0.0251122826947977,0.0249686270722057,0.0495211359733761,-0.000765567445004104,-0.00429286138044454,-0.00416561881347859,-0.0193367159157889,-0.0180599522595242,-0.0149720842673432,0.00692285203577657,0.0183051454526957,-0.00812924309140903,0.0221000582315485,0.00692649502980103,0.00308618522206086,0.00278433644449839,-0.00298417944560222,0.787399533316049
0.300962112344946,-0.19127931407547,-0.200555863088954,0.158193006729824,-0.158491980281597,-0.258679336190259,-0.209281005877823,0.0241573133752954,0.123790080138267,0.106525583164024,-0.166978938668208,0.18864656311723,0.379842254381717,-0.134220702218356,-0.275731074644594,0.174103116137761,-0.248802064724068,0.18750117251827,-0.0672629146620641,0.180058782370237,-0.0682888464922541,0.0254682997986423,-0.0767164455089275,-0.0414101883695698,0.138740595835716,0.163223717894638,0.154314897954764,0.10215268249393,0.363874718613932,-0.0595653104443118,0.415016117209249,0.372397675810384,0.344841054299935,0.213652098399179,0.139511229989063,0.0273225417249913,0.208356986423759,-0.430671095009512,0.0431045589653787,-0.0418012733238616,-0.0617418943701049,0.0482117744956742,-0.258401937036457,-0.338232518225759,-0.465577961835346,-0.188289923070097,-0.220137360562977,0.449118701739904,0.0383355801057252,-0.178263668905821,-0.0765154354225258,-0.316544261473658,-0.170944268452973,0.0495330667801222,0.0389601913310139,0.0716694915327651,-0.355002849935732,-0.192716192612282,0.401560240294024,0.276634090139625,-0.145376579947375,0.435541917828198,-0.129766141523025,0.16494757204869,0.24494958836931,-0.271555503989267,0.366756603160796,-0.0724198063204254,-0.201537888865175,0.0485218462693711,-0.0640512594352271,-0.144603417421458,-0.115325037553262,-0.119226985774105,0.0771451917072306,-0.12509219207926,0.0221959725867353,0.0128958081274557,-0.159629685641527,0.166561789140868,-0.0190996779008933,-0.0802820583905236,0.0511102657383174,-0.031967414456323,-0.133842183586317,0.162323957893633,-0.0960184556006378,0.00474292060069552,0.0135153874465615,0.05043613973196,-0.0879486230194035,0.0393759796517871,-0.0374047401888003,0.00234430906132817,0.0196918167547456,0.0124406748391237,0.0757272920424518,-0.0416087311406151,0.055157731891324,0.050739652323432,-0.0448676931616021,0.0559292020378094,0.0571454401353201,0.00545416588092176,0.0441492871701151,-0.0386315640498197,0.06586944586594,0.0154741231000338,0.00646983116016328,-0.00310457576542057,-0.00560124935238029,0.0264474343373362,-0.0181847468546894,0.00474559849630381,-0.0120827247423112,0.00844849751035534,0.0357587694931698,-0.0106588598752365,0.00726351182807248,-0.00614559950985082,0.00775345179158326,-0.00366642619759621,0.00601243098765982,-0.00932307900938433,-0.0027486772840214,-0.0004764397249543,-0.00480308922519004,0.000133637393210402,0.001335372813743,0.000666413048859958,-0.000648366777921708,3.27888892390465e-05,0.000733037630174838,-0.000127419329325115,0.000209766361980627,0.590355198340679
-0.499255815447077,-0.0357210988673078,0.180565642011721,-0.640374915072834,-0.10713433699706,0.410514061307944,-0.0337766608796842,0.195873076514456,0.0270550877152509,-0.191487589412834,0.220266789881467,-0.381500850709059,0.00976391847527943,-0.02881244180913,0.224077361664304,-0.135692140842197,0.10368679651302,-0.0868675844519019,-0.174620060234183,-0.246058965607892,0.214108299102141,-0.0161737394082723,-0.124349753761856,0.156237980398209,0.0836120597063924,0.0592186326559918,-0.155230258478465,-0.0684801169262959,-0.255067635653889,-0.170841082147224,-0.0323608703730791,0.0853754001854892,0.110929171784768,0.185796764316711,-0.093608929542,0.112941078743496,-0.213781762635556,-0.127006760247212,0.250136999744884,0.114154535908501,-0.20876468544639,-0.0354261007899887,-0.0156631536836943,-0.00738369972327944,0.216030856269206,-0.0981874947073195,-0.20019193165865,0.0514430603468357,0.357961303894749,0.193389082616714,-0.355032201978934,-0.0443750707418669,-0.0431107436201845,-0.0953808342247857,-0.0999886431570805,-0.125062781482363,-0.168673091994155,0.00496672336234217,-0.156303865551858,-0.0584528941604727,-0.196427661366007,0.230142973793625,0.0572063432024417,-0.0209867065563713,-0.205247108269899,-0.00755230291418762,-0.288105580919483,-0.321001212732692,0.00225742156379786,0.217653881138033,-0.166587071493321,0.0426565133022308,-0.121423418917788,-0.203550262047246,-0.0746196399824129,-0.0413412956986382,-0.0457426664821557,0.16259700727023,-0.0856688835382542,-0.248493711702499,-0.109498163348093,0.0930751618252244,0.165195970999871,-0.00136780641044164,-0.173103009724639,-0.177268670921387,-0.0451725035151056,0.0440698443452419,0.19287988875605,0.104174639317373,-0.0618004047486035,0.216251291799922,0.0514094860947171,0.172620604222878,0.155833088068262,0.0811628065449579,-0.150069066616032,-0.0544941224539821,0.012733886258136,-0.104618478413002,-0.0890801788547251,0.00640974184779177,-0.0347357682391045,-0.0134695665842109,0.00435957215529566,-0.0436824041525259,0.0228186040734331,-0.0250789493380308,0.0219373460334263,-0.0749400952456516,0.0165205628964459,0.00672088480145248,-0.0115965633609457,0.0142512052869708,0.00745609684802713,0.0310455210585852,-0.0169716970445895,0.0160630531650808,0.0226657182183094,-0.00199808891490605,-0.00121126987685522,-0.0131734349715959,0.00996660654966431,0.0136100108441187,-0.00207203360434327,0.00494784117870689,0.000862311969607317,0.00443024107729238,-0.00130169277784576,0.00432534492720988,-0.000561209526358139,-0.000581525372275366,-0.000171997007203042,0.00058757284386254,0.000159783118288721,0.585169821104485
0.409955755461468,-0.0287561094781467,0.370882244896029,-0.488710682849307,-0.286035565048682,-0.539527930920229,0.97749793683204,0.424976923768873,-0.107588351165574,-0.297790628969642,-0.522382440414603,-0.682298609751207,0.183824103525046,0.254469724327606,0.661543331708416,-0.32461801202379,-0.00673411917382804,-0.658684941227861,0.308613407133346,0.306949615409853,-0.42197462922063,-0.0793081617738273,0.887853706732437,-0.463614211644963,-0.322619248692251,-0.43731134842565,-0.323853277681796,0.286513381959669,0.514722000209353,-0.0487156525140873,-0.474771107863814,-0.762736700858871,-0.384948540179365,0.32438456490842,-0.035761452863106,-0.452310102971796,0.0695825452885322,0.0646464643982705,0.37151389930821,0.303902474567155,-0.576311787624817,0.212796232396527,-0.332104831903644,0.017361736207896,-0.287837417253774,0.306463269496896,-0.13312008831429,0.208536997694501,-0.039474575301716,-0.163114215665608,-0.0217835236634006,-0.0230708495957108,0.149840979314788,-0.0612639986700842,-0.161570669009312,0.0878356154891518,-0.205958486938833,-0.25682944200138,-0.0501563833144381,-0.0551548829339066,-0.0194250627233844,-0.164788922825662,0.0508866654230478,-0.0529841980361573,0.0516141001303594,-0.0395402230647975,-0.00754196477496335,-0.0242290255387972,-0.0419385426246119,0.00683363167473262,0.0417999631351322,0.0719049617969594,0.0471445454371852,0.000148312381956544,0.0013622198334259,-0.0815919390475995,-0.0527839246308815,-0.00930808642332759,-0.0158399559560058,-0.0319694933448171,0.108505697006074,-0.058330406223978,0.0866123485720309,-0.0153663224746521,-0.097420259121475,-0.0409331478263196,0.0342534720491984,-0.00395784541631368,-0.0658318804979994,0.0662986869848823,-0.0678085807686745,-0.113529571456553,0.0763844785847379,-0.0908481733309008,-0.0403604248308415,-0.0388713274110951,-0.0169477878247907,-0.0804673073102768,0.0466651061417028,-0.0671657076411593,-0.0324691413081765,0.0197194386259552,0.00800252543753164,-0.0334839468543411,0.0288307130783739,-0.0291449304874368,0.0273718923579044,0.0140338354011213,0.0255028627778815,0.0031652794545656,0.0496879219197735,-0.0306263530420917,-0.00728109411438592,-0.00219005444199525,0.00170288057589664,-0.0167419469157867,-0.0214903871031299,0.0198328703188024,0.00162830132219412,0.0217248746646842,0.0043390974525225,0.0109413633949934,-0.00506612419495929,0.00165310306776134,-0.00484587556623468,-0.000581680268625254,-0.00173303090548887,0.00226145245775339,0.00302478248725169,0.000396664300627116,0.000617584744194076,0.000316785979322518,-0.00101906981206877,-0.000238113796477551,7.21292140723707e-06,0.579984443868291
-0.0114579703957342,0.0296235474549932,0.304287042505972,0.339274054111315,-0.22736668068134,-0.0119109448704022,0.266836190212355,0.125938415473228,-0.101279336674046,-0.142622686983,0.248728844948378,-0.0321646639656245,0.072049852118495,-0.145475365662037,-0.0644358433775681,-0.153721145453847,0.182932059436932,0.148082207261637,0.0141591082420312,0.0368554222967427,0.175691258084685,-0.359517292512794,-0.175616073085348,0.046463634022064,-0.167617684047939,-0.0530184674652756,-0.0145367617077065,0.0406137719608257,-0.292101271419934,0.394344680640211,-0.0602808026960027,0.080978601207639,-0.0077002341077062,0.13637948377887,0.0223523881386847,-0.327320502236628,-0.315252043755099,-0.0119618138142178,0.00221929442195994,0.141146979726455,0.0987897297113002,0.341721207059311,0.132813939471353,0.315696812940125,0.000689649873625782,-0.0056770872539265,-0.274162675112002,-0.212996562600974,-0.240763132754073,-0.00933633963178816,0.0641727594201239,-0.0469303227780979,-0.313421033402964,-0.211283505723954,0.398214075038968,-0.197915560337577,-0.148703702947331,-0.204985095967374,0.12113813984745,-0.00833514400709578,-0.145768393978274,0.237177350780955,-0.138750720049542,0.279116668317732,-0.0323507840263454,0.0131262049631579,-0.300815702288112,0.010501499514422,0.0853542760690677,-0.0941062231380672,0.00263122917730066,-0.211622178751495,-0.0635305145717946,0.108432879903223,0.000143769293056459,0.219370354531408,0.0241504967855184,0.0313612727940525,-0.0209205801981445,-0.0735866022895087,-0.125275803730934,-0.0250386616935849,-0.053785405442965,-0.0087660959356695,-0.0619189100647793,0.0206285282745025,0.0570725059533551,-0.221195740800509,-0.0877880093106195,0.0493219423953323,-0.0802118680879949,-0.0739407032630799,0.085265748550578,-0.0632717555890881,-0.124356308571828,0.108006651066439,0.145908339137196,-0.00192273748423115,0.0968351389834965,-0.0684499244888552,-0.0188330360797483,-0.0707211130124449,-0.0191179216851468,0.0518659387476318,-0.0922823939541939,0.0642433247979394,0.0431067604083955,-4.85795602517189e-05,-0.0105059963519228,0.00754210780242636,0.081384989429058,-0.0706055980323359,0.0610261303938656,0.0178681344538534,0.00717616090328421,0.0868672339005221,-0.0424080884017368,-0.0269135487312896,-0.000650379717454307,-0.0201264346066176,0.0291126466739533,0.000639640062827742,0.0220704993664819,-0.0214974465990071,0.00596323269311326,0.0150416053224506,-0.0106114348967568,0.0106904540910663,0.00640211089898261,-0.00332232037884276,0.0031949482403597,0.001597743517303,0.00344214789686709,-0.000408497933856949,0.000757951597658746,0.720767435830957
-0.793009829194042,1.11790193582582,-0.639183127316803,-0.33193098556927,0.0108028512763894,-0.733760794795244,1.09836118841218,0.352249549236217,0.114378809187701,0.0650471660446243,-0.000365250009276652,-0.0324208237975107,0.112645300484325,-0.046679007418907,0.0290692513649441,-0.110488351555078,-0.103719325883681,-0.0642574675950577,-0.160017561384264,0.0662119645542266,0.146067014353831,-0.050296739401369,0.0782439543754745,0.178219601616697,-0.0430382452733977,-0.0949868500834297,-0.0393419427859552,-0.107459925072392,-0.454944845838562,0.227818499151725,0.0818774926337476,0.1679549447411,-0.309884571400172,-0.0434516260086043,0.256150361531389,0.0941554610822036,0.0357904042821674,0.0318508186998869,0.405331355092646,-0.164388390272203,0.0766942524183778,-0.253884674797868,-0.0336606854482723,0.170117144712685,0.0995994577827575,-0.0952710412223025,0.277267847014263,-0.176602174386051,-0.0782065255157996,0.124699482547261,0.124011849792535,-0.00826420592789888,0.0149166488761206,0.185821258515992,-0.155022022121716,0.00960044514005877,0.125324031166948,-0.116185713986111,0.0617854561798606,0.0892558670385465,-0.190932757871971,-0.0329700899456852,0.00467285767459842,-0.209469766672309,-0.0216860670400634,-0.0676745286823358,0.089994283332543,-0.0912788181434827,0.155320688142592,-0.0476379282404797,-0.0216632934253879,-0.0191002377244255,-0.288656544393121,-0.112688943239611,-0.0523714937663295,-0.148372878674267,-0.0312218372658652,-0.0255218613678137,0.0745014822318191,0.095347870484278,-0.00455099908107427,-0.0235656467409341,-0.0830268631120788,0.0039514101970868,-0.103005198321309,0.144246153105453,-0.0945092972479503,-0.135780465060801,-0.00916209308361483,-0.0895295852167252,-0.0369362298749877,0.0583830149190898,-0.0976491615954061,-0.0843566304174581,0.0811575342266751,-0.145112078563063,0.0124832714128963,-0.0845531505519805,-0.257972679878253,0.0236482119214207,-0.211825014614091,-0.056894477464008,-0.0287143717508935,0.00878581056233404,0.0397729250897308,-0.0031481782772574,-0.042869513378742,-0.0123937013290831,0.0331107432112245,0.0375183177044991,0.0278242290790904,-0.108192473629129,0.0410691571155379,0.10238718395498,-0.0140759428649466,0.010691139494162,-0.0132412188518971,-0.036192524711335,-0.0193904281385351,0.0176754425045032,0.00877458624051641,-0.00126010619453689,0.0100057827309003,-0.0104971258593668,0.00753084234165026,0.00326015257984702,-0.00354151843204847,0.00111667912642804,0.00219718007854695,-0.0013578692345483,0.00259357166762758,0.000289203362401629,0.000167987417112847,-0.000275127052797873,0.000142828154182485,0.8288825512056
1.89889144665174,-0.532250882027894,-1.18104653894441,0.280306752783434,0.102772889616367,-0.122067396357481,-0.0851279203164278,0.195559423041618,0.0032640821288917,0.112287161047236,0.555482098179852,-0.269198243330648,-0.0578109613937245,-0.211503050432954,0.0825989492238811,-0.124289201202554,-0.125887886698103,0.166127514841827,-0.115655131391931,-0.134845782876315,-0.169688942501819,0.613586674969737,0.422335358525221,-0.110443981571896,-0.198214819324944,-0.19279585266064,-0.00922459228216735,0.144698830196984,-0.601676147708478,0.389236641509243,0.289545440799229,-0.374487514123573,0.198113465792532,-0.113541020449585,0.63445110739733,0.326979784667494,0.13375790778901,0.331666293777137,-0.444644023910258,0.181439362191241,-0.073306200737789,0.308657811967643,0.0234027188764689,0.386915505365756,-0.208654548766219,-0.439572643282198,-0.220975288061477,0.0239200478952977,0.0781676416282684,-0.450319561436352,-0.249119329340793,-0.195379208116282,-0.17013022507122,-0.270008501682709,0.132783012919011,0.0399409802170214,0.0366723521237461,0.245908141361483,-0.0653536705333312,0.037214600815495,0.0459262698976952,0.0507260824642718,-0.0888561878847924,-0.265869558867621,0.185899396501651,-0.234069822745733,-0.0538851617554172,0.0849700295788686,0.119903115564147,0.192177060672896,0.0419919125131073,-0.0490699109660208,0.108156503546487,0.105113846224308,0.00920921691587891,-0.0969358734997201,-0.131052825692491,-0.263444234705424,-0.0276710310889786,-0.10026081827861,-0.0299676009081021,0.100032968386367,-0.0455864758676005,0.0939444836410313,-0.146555874723543,-0.0359251222796974,0.173058890905101,0.114821025907531,0.0378099246381488,-0.105970541817777,0.00219063824336687,0.00908828072186612,-0.00256517779302454,-0.0347331590733467,0.048542373324953,-0.0303566761007796,-0.00475896946085715,0.00380638716376774,-0.000378108658069036,-0.00542652425519733,-0.0581613201059752,0.0603690322184748,0.00113297058459168,-0.0454783674920906,-0.0559632399010836,0.0136919795032896,-0.0485398487556754,0.0168742351008768,-0.00926911063780537,-0.0137769278198138,-0.0150843820010596,-0.0047738985826097,0.00499432574711298,0.0139493569518511,-0.025642773360571,-0.00328685605776915,-0.00857995792200889,0.0074883603217041,-0.0178287784690172,0.0116166421107473,-0.00958887477050706,0.00282466760913075,-0.00212112090742267,0.00157348394273137,0.000496989242532653,-0.00639914800209142,0.000596644034493398,-0.00112056308224484,-0.000765476655356652,-0.000998636986268777,0.000239896066987926,-0.000917360302403977,6.32329649289468e-05,-8.91446228540147e-05,-0.000263233758140267,0.704433497536946
-0.777967612396038,0.845113267309674,-0.448205212750622,-0.365515142230557,0.199502425086259,-0.413250980546565,0.761128978460961,0.309344749286375,0.173345178681093,0.0358067406192259,0.0141895918270434,0.0113637717352723,0.181997661183253,-0.0328108390217047,-0.0522797583906199,-0.15333939705402,0.0573633117944628,-0.069973734854019,-0.140606178258009,-0.0585508546194756,-0.0464409062731179,-0.113856450211487,0.154331672795634,0.13620383168911,-0.0407234022832278,-0.221146140171837,-0.0388230585316775,-0.16419864947558,-0.345239255444559,0.130568075728088,-0.01409700441311,-0.0850125797197624,-0.165234212460091,-0.164824583482178,0.204300859967563,0.0475531784441239,-0.0482724036649806,-0.0201501046701336,0.284607962912816,-0.0655572575218028,0.183944810138802,-0.199223564944423,-0.0617464334658977,0.132133027777608,0.15803250158552,-0.148295392108294,0.192174848792965,-0.113104033423866,0.0332252013138331,0.0966549296002255,0.27904434860295,0.00194506487073602,0.0588490138353225,-0.0213703463225598,-0.113719560996226,-0.0373990805083411,0.185417288725606,0.0106354289332301,-0.0839890633445275,0.410298097316425,-0.0760626860114176,-0.0194339028155456,-0.0930255588369479,-0.0969084536997101,0.0217424618011963,-0.103246815326837,0.404982295900157,-0.247889406929889,0.144063797450356,-0.0036181266977693,0.148568950178252,-0.204320696644001,-0.430737011990132,-0.0128956678110692,0.0563742937661949,-0.230149448911867,0.0290774986439202,-0.215911699872608,-0.0335216381243707,-0.0703750894731141,-0.073574752606299,-0.0361400350993164,0.0979840125397904,-0.0597908241821639,0.242130243313906,-0.116157806831416,0.167583868938783,-0.00985173007199138,0.0137312886753337,0.0986838845291395,-0.0113175981908934,-0.0201393617145345,0.205743444884805,0.00113766361566936,-0.0324655611042862,0.145062261210918,-0.0394550115325355,-0.00718332621851744,0.170174111902573,-0.0155672155829075,0.150647743187862,0.0205808087442514,0.0580362717949941,0.00887429143129145,-0.030722149975486,0.0444276903632433,0.0377466365473546,0.0161399521772651,-0.0379278092644452,-0.0361764202396328,-0.0100577292960375,0.0418697517890166,-0.0270596736928836,-0.0310452685221997,0.0092212264280928,-0.0135511398729987,-0.00355388033922504,0.00611953836645384,0.0116227938158381,-0.00156917849351591,-0.0149882413560128,-0.000808595865935676,-0.00151674522010033,0.00392114984715015,0.00402171877988074,0.000578367729505681,0.00170433557388881,-0.000775767383777153,0.00167732331250367,0.000845001301722253,-0.00109284851373795,0.000396137718444149,-0.000376414940660487,-0.000315386022724846,0.000199156666379154,0.777028778843661
-0.619280096008022,0.0844739221154249,0.0544804639741504,0.296938492119319,0.0589015574148973,0.230878191209516,-0.322721450235736,-0.0701691101421878,0.171218502644238,-0.035370238591419,0.212042931995004,0.0776775592195466,-0.0119224774557631,-0.0553985950553918,0.0460804032050713,-0.117248498063889,0.154087155727948,0.1455432038521,0.0312863654661367,0.0162360135670621,0.085329093809612,0.273664849028553,-0.10926885329898,0.0566531429195896,-0.00643360121250762,0.0164090718837722,-0.00861971697805338,0.0505616889158297,-0.0384735299014319,-0.0305147421252612,0.0129004200093069,0.0331552834014921,-0.0952380177840075,-0.0310670907102369,-0.0265636319161132,0.0717099760573123,0.0215020461293118,0.206887148965681,-0.0824875783638187,0.374807296675665,-0.041423764652564,-0.106437756156282,-0.139507288054119,-0.0925205484994965,-0.0500505472597015,0.081100244343492,-0.0355400388015699,0.0513079133373989,0.133201006924507,0.166504546652075,0.00850534868264455,-0.0893900117927621,0.196463618977564,0.0187916429137998,0.132574240311869,-0.055954874150962,-0.103841738769258,0.0507297674592776,-0.0558053493582444,-0.144690869454279,-0.105838863822968,-0.108109978486576,-0.101394647881388,0.0438632475239766,0.165198924766035,-0.111899927213367,0.176605789163895,-0.0929848329061133,0.0299893946809033,-0.0161049374057427,0.119668538667038,0.0136997947929689,-0.0919121975932256,0.0123963470320302,-0.0845052549984639,0.0525515837857581,-0.142837898236742,-0.0399131719861185,0.101990937121131,0.0919740984958085,-0.221716104833807,-0.0810835151682606,-0.0645747718305072,-0.0889911383261233,-0.0303463644182018,0.0468572632641854,-0.0824508929856337,0.0813256391761525,0.115353297781973,-0.0874856552986281,0.0822980478251366,-0.119610590567837,-0.0625395603147731,0.0561374535295665,-0.166382084435526,-0.000934478238539148,0.0216883267755225,0.151085680626787,0.135936524332432,-0.0156045570501159,-0.103992973166209,-0.0742371792308534,-0.0796120670377489,0.02763335195845,0.0455420044640216,-0.0741642016061108,-0.00835481070144049,-0.181591335470502,-0.0376528318761946,-0.125590762448043,0.0733998306406475,-0.0191944318625154,0.0550444102673748,0.0422879926992856,0.0703864010913494,-0.0755188518433683,-0.0360861872954764,-0.00348818352237547,0.0478008181272054,0.0302603303809215,-0.0273139342482709,0.074663635222646,-0.00301748093452209,0.0123096325795863,0.0159795653232532,0.000329612859231934,-0.00412905886793738,-0.0130776172858679,-0.00867120165379511,-0.00465786841350446,0.000178035577571634,0.000327820192757482,-0.00224087427441264,0.000971483089339879,-0.00340683484628212,0.211822660098522
-0.0287186662173832,-0.141526900610836,-0.214840194743344,0.352816623505479,-0.277890322643051,-0.213712619701141,-0.339233010286541,0.0293220492515373,0.187132795902198,0.0825498310194856,0.0130896959668531,0.200972124778014,0.295298205317314,0.0185118535443553,-0.0274581419505452,0.143932885802703,-0.0224216616932747,0.0672749691530231,0.0533221578363218,-0.00336916802959003,0.125335373760912,0.0532633950474177,-0.0633246279850683,-0.0438353170808081,0.0158507174920971,0.0173820317606964,0.0190813694819605,0.0171570784160156,0.138990786797431,0.00522463698980299,-0.0642831581584123,0.0142970722625667,-0.0480811113059764,0.0148556407029126,0.0421671003816874,0.00175289079201924,0.0677253541216426,-0.0208217980532625,-0.0701687106350493,0.0967913714796086,0.0245087930939038,0.0353694278772263,-0.0340304352456802,-0.0354290458455587,0.0386565497614868,0.0576601932070808,-0.0727784233264546,0.0787167109815639,0.146963870291691,0.00888111951366964,0.0732658662378699,-0.121495200680165,0.020259681927436,-0.0787197743125436,0.0178540173716067,0.052329074378423,0.028401031368809,0.0881994927652269,-0.0634941207864478,0.0429500461965089,-0.0773228436047889,-0.0618356799238535,0.0700424149684948,-0.0479148765828469,-0.0587247683337777,-0.108854884812097,0.0651876997290177,-0.0882396793042104,-0.00402139655671655,-0.0471720026366172,0.021271900088455,0.0590778553094836,0.116531205576407,0.00293136699057017,-0.137504957050287,0.0269694284709265,0.0965256334602756,-0.111437486523678,-0.0285082595031043,0.0158264531036581,-0.0394558030876304,-0.0475124678893565,-0.054134663154907,-0.0572920905299628,0.0251493894313666,0.0979475910780533,-0.0182566031999237,-0.0644823416654622,0.0675806395977904,0.0448976848413567,-0.0371948799001505,-0.0798407579415772,-0.0335550831965138,-0.0366492849021761,0.00996326635989459,-0.0363219685837156,-0.0722262384013247,0.00845905443862347,0.00953179823249577,-0.0603341767292939,-0.0335762549528437,-0.0578238152242335,-0.0135203658807146,0.104670674704008,0.0112658324837884,-0.0128020558768452,-0.0338010248294803,0.00162537881898522,0.0400066829704148,0.000471019584450885,-0.0590821022166761,-0.0421069664702002,-0.0145114052381338,-0.100266762070918,-0.0311540890035347,0.0190412911593509,-0.0616140828922161,-0.00825780603061337,0.00970723994017427,-0.0467520356341849,-0.0122658244438238,-0.0569454118408878,-0.0108694917532275,0.0677386354224813,0.0844406757928612,-0.0195493466825784,0.0175768511449507,0.0318934218765291,0.0575020990820104,0.00167970001031366,0.00905024761835038,0.00959842585050246,-0.0090557176491044,0.00510125557435117,-0.0137816559256841,0.0251490795955405
-0.285285025096702,-0.092949087377413,0.543009108504908,-0.0616102505330813,-0.322434711874532,0.114896734691214,0.170469467761994,0.243733828558518,-0.070710129616115,-0.208721743534638,-0.0220693188202602,-0.181140213707949,-0.11097240616763,0.0367424693604641,0.120774521827016,0.0705944443472339,-0.184524895581242,0.00476047147269857,0.151102890873287,0.151991947218532,-0.219661910986268,-0.198411957470768,0.0278385792018058,-0.133030143739475,-0.0876630430917979,0.0652677561503818,-0.063363784728547,-0.13756398531279,-0.217855262232414,0.0684047614366734,0.05810981370202,-0.117704380204369,-0.0214183498115237,0.0463996925992774,0.0875282339376688,0.00163861450460273,0.181821835152338,-0.364858762092862,-0.135350874307812,0.0717228571478165,0.0367724624990816,-0.114505119059832,-0.0983412170802686,0.0701606125212632,-0.141234391326766,-0.00985036135085624,0.147203592176379,-0.121768237235608,-0.0639087096315434,0.144443216851116,-0.0643268407553152,0.137911295193498,-0.308995553483239,-0.130007475066064,0.198485334905912,0.0999465433339184,0.135188046881522,-0.0544399191597429,0.161513571479799,-0.17929287971532,0.0943266326452016,0.0969304523093052,0.0112589607672609,-0.230992755144921,-0.210224123682474,0.118675567984239,0.0813566661344641,0.0199438042201573,0.3047575536051,-0.0354463505760945,-0.0679659779183188,0.0322755357194508,-0.0153981961774898,0.0404845810303201,-0.0595294501551284,-0.0195241188421408,-0.11387933769204,0.148906844636392,0.109278898945811,-0.315948988615702,-0.0313101000084304,0.0232612873442347,0.0741230087498226,-0.0784627941807137,-0.0114744342391618,0.19295557580413,-0.0994193553989786,0.0469839338152548,-0.0358567271836869,0.271320368623085,0.00793892929930414,-0.0530665342689217,-0.00716796687855208,-0.0346831398505795,-0.140338841095344,-0.0414606804249336,0.0295904641087889,0.179581558435325,0.0698823627054428,0.0937852126840285,-0.056553990804343,0.116608073075588,0.157256067467365,-0.0175605452193193,0.0303855970775873,-0.0707151914660177,-0.0453099452702013,-0.117531334516266,0.0586811937488976,0.0100801683751658,-0.12106172406316,0.0343679238020618,-0.0480913678541139,0.0496597353598344,-0.029963210839887,-0.00655699427208257,-0.00548324968325175,0.00227232724144652,-0.0321788609900464,-0.00644158684323782,-0.00382212615222564,-0.0295611713637785,0.0153307103598039,0.00322747510196152,-0.00210914902202184,0.012169395116552,-0.00758245581390805,0.000897794425041038,-0.00187517451425854,-0.00210386415925638,0.00138672407044729,0.00234316869137046,0.00246556817643526,-0.00160176312572892,-1.10446343263124e-05,0.491833030852995
-0.217802436138401,-0.368183324518615,0.576393635551115,0.0100721824249576,-0.473452194006771,0.168968510370865,-0.0583453251983816,0.020392762611607,0.0845197647286873,-0.0866388881691617,0.436324159476424,-0.0439036296349925,0.0652331280894089,0.23628362261944,-0.14634708048645,0.373274641440044,0.298064626417001,0.131728311982003,-0.475232923316454,0.356048796234715,0.346822957914467,0.191608087854248,0.00535959594412564,0.101838120945065,0.109791650608737,0.00756620880564414,-0.101616820302987,0.111684905944638,0.471546121760707,0.102022657690711,0.276731558274906,-0.187330919854762,-0.187889343015838,-0.14649710702081,-0.19117599321923,0.329748636385309,0.300072791295036,0.158091197438181,-0.0242442421291341,0.00984441111710701,-0.0249610902655448,-0.0246292152496157,0.0746008524208452,-0.0209139741286579,-0.115594295920245,0.199892191656249,-0.296206959363123,-0.0263935398270951,0.0299406072922637,0.0309421688251067,0.0592849157162446,-0.115788654094062,-0.089898997913568,-0.0370564469239549,0.147079105914661,0.0614655740204477,0.184318712482903,0.150373515386539,-0.0597368244851277,-0.224827440884752,0.0443446197120549,0.0191937965379604,0.0847736101157822,-0.116838844428274,-0.0355823225963808,0.0681301023187146,-0.0165416698777502,-0.210665278072474,0.148584810888414,-0.0746147185068567,0.00987786324019499,-0.0909841837988436,-0.135988966858272,0.0307036212578854,0.0437977143202655,-0.00552105870406339,-0.0769723095262086,0.0785098551390931,-0.0553003382338294,0.117297371113574,0.00266285591450803,-0.222086779737421,0.0633373067140431,0.101804960518509,0.0568981382966009,0.07417903986099,-0.21500570990512,-0.0594610771598593,-0.0310720593511364,0.0509565519406533,0.0328355297683591,0.12004874545991,0.184373589197792,-0.14913693678743,0.0815124184560865,-0.0390394160668179,-0.0782823304771464,0.123688646914196,0.0479742735366253,-0.00575760243501969,-0.049221087807077,0.157713446463592,-0.130882355872795,-0.0440957991261431,-0.135605418610611,0.00569762616975658,0.0157951295801506,0.116764196978819,0.0480049851085156,0.0830936140991134,0.0443076742188016,0.0418058427635172,0.114262266434264,-0.000662769364006728,0.00823687582247591,-0.0462745691548889,0.014850669163575,0.0215282307715138,0.00706426103783715,-0.00980231683938726,-0.00901678151140593,0.0212338948044607,0.0118896415641272,-0.00558253877512189,-0.000669359182575774,-0.0177749251679647,0.00848496273634978,0.000753743351494475,0.00509368619017116,0.00408513378367464,0.00091481870424348,0.00173913371342969,0.000535318942278117,0.00286511053929707,0.000211167796739655,0.518537723619393
0.454314741667632,-0.467681076047706,0.80872776580016,0.650819444756699,0.685182427701075,0.715947031649508,0.115816950234309,-0.257784382384989,-0.484756967124504,-0.205877185372752,0.204850303677055,0.514645704186491,-0.00323717958183081,0.0584645329337291,-0.135693868028296,-0.794714952816323,-1.70749280731654,-0.0648339589837807,0.582857234345914,0.0373420661394613,1.48249220292097,-0.812088133597913,1.272153452948,0.388337101594745,0.23682252845426,0.0122690509928945,0.408643179363303,-0.83808646988939,0.0162449172054921,-0.415542904228198,0.343193872350973,-0.430395517627059,0.201789954462631,-0.171670995526839,-0.103085601814075,0.0798846801217734,0.117604286040169,0.00572824375801474,0.0651915610330134,-0.030283722560266,0.0531367206368659,0.130839972899664,0.154759516191012,0.212915226622538,0.0512030980441069,0.0556099841595718,0.0722170175252827,0.052205343871127,0.0420656256921079,-0.00637911344442867,-0.0265666649912712,-0.116758311164306,0.0257445865885649,-0.00675795464229452,-0.032279367162656,0.0433744415186072,0.0107248148784485,-0.0506146321572376,-0.0376756679844068,-0.104060470953398,0.00786254622078124,0.0198642316850743,-0.0843476444946559,0.0181005362602588,0.0235946880209787,-0.0432671732171489,0.0442788728682889,-0.0291416512558485,-0.0316569912982065,0.00958551275813015,0.0194976512782022,0.0219587855432349,0.00189710202363126,-0.0360495005997826,-0.045012718570243,0.0426430098203645,-0.0111650419754992,-0.00177549773853801,0.000876449186112629,0.0266520359748718,-0.0239870533149165,-0.0227476216862033,0.0175060252345563,0.0282642772533803,0.0132921170190971,-0.0137915608057629,-0.0282722286779521,-0.0105390634365585,-0.00316152749986978,-0.018661177847533,-0.000156269405644145,-0.00428089437887433,0.00532439772966026,-0.01058907773654,-0.0056392936583337,-0.00375150430481843,0.00887436340088123,0.00147795326006612,-0.00458932294155571,-0.00499554606331964,-0.00203027264831799,-0.00426759052225593,0.00223498535531659,0.00685010980563557,-0.0029854518530549,-0.00190866564252896,0.00183050945098012,-0.00220750033527274,-0.0033830961192426,-0.000663638745236273,0.00522822314542496,0.0088214885647574,-0.000909448015011046,-0.00127156612244189,-0.00128509401648779,0.00550592901258047,-0.00321162675194043,-0.000146932196297432,0.00161649911643136,0.000763681228481547,-7.78739618929396e-06,0.0010998439303908,-0.00084772941234396,-0.000129866937224753,-0.000289822951158895,-0.000680688861606724,-0.000503179419497636,-6.12582445545441e-05,-3.8279246831359e-05,0.000502643511383495,6.53377874671217e-07,0.000130074492352707,5.66748165997541e-05,0.000167935411049569,1.2295032453496e-05,0.481462276380607
0.274675879250535,-0.283057881626529,0.695818252571167,-0.892651158301624,0.486386546906027,-0.512657241256086,0.696852945524475,-0.191518503997868,-0.480417946845712,-0.308471194991342,0.0704344549869211,-0.0591592202229204,-0.45183875859196,-0.442655107947363,-0.17373039593703,-0.259243913434136,0.18632233267141,0.733057102091228,-0.322825685591718,0.308251593620067,0.197563446037307,0.0512539053163403,-0.361066555660123,-0.148830535432935,0.14115131214959,-0.0821782782936964,-0.086472300548259,0.257697415299515,0.0538674408406197,-0.295788644114685,0.406836806932843,-0.000580686703802246,-0.255184713073109,-0.249543509559734,-0.506756742233522,0.126452597203349,0.27740718740523,0.0746969757083099,0.64360928944725,2.76522385974947e-05,-0.156989542174405,0.0527427842966432,0.006624538109765,-0.126950746122524,0.353366076232158,0.396056459091304,-0.323640756140732,0.0785214191598264,0.182883680484571,-0.14050354288682,-0.0851750087805706,0.0342043348596355,-0.229261027344841,0.243041400994394,0.19941761023965,0.076383024089273,0.24632133336543,-0.0908193251057369,-0.041621522764983,0.10925105840709,0.568969725616649,0.248149819683715,-0.0395488869982976,0.0541023742592083,0.136039971675471,-0.0803012358821242,0.103123952206135,0.144250840512663,-0.0540054190534271,-0.0257861036028661,0.0930142073048861,0.0363337483549509,0.0777494579169539,0.00560156244194746,-0.015835392039944,0.0433762198121273,-0.111369139992736,-0.137053806544075,-0.0103411563564795,-0.115219075232593,0.0694864290449621,-0.0230212559170662,-0.077381677060503,-0.0885736328016926,-0.0278890751389431,-0.132447879920664,0.109514656655308,-0.0813868186662162,-0.0651731702733348,-0.127064832736316,-0.0506626445571531,-0.00502405897904575,-0.0165864868907218,-0.00303140085256899,0.0489616411569237,0.116033934594976,-0.0160795647670029,0.0800122989520543,-0.0505924722993993,-0.0591897446874633,-0.076986797861237,0.0433308218605421,0.019874363725879,0.0134771960056246,0.0157831576603034,0.0363018826835528,0.0487281160144718,-0.0510744414598099,0.000291950512621926,-0.0165765464824172,-0.0774451535807253,-0.0266303329706368,-0.0449859986066724,0.0196270561517764,0.00569879858366797,-0.00896347984832355,-0.0127592892216512,-0.028545363712602,0.0064407516339811,0.0255096118226919,0.0142475107590325,-0.00701605180839702,-0.00254514799565226,0.00747210610821755,0.00865877066122255,0.00402549623940351,-0.00346491990284671,-0.000394344086232056,0.000435811988120815,0.000499010985605982,0.000680405619392649,0.000430483808885356,0.000458880046253775,0.000615963408664368,5.02983435031218e-05,0.491833030852995
-0.250601799075456,-0.257234682111136,0.494615243490236,0.249288168562685,-0.552061618854265,0.00886266882120301,-0.269325550709282,0.203227444399903,0.205588968057969,-0.0654473542957599,0.0838179856958538,0.020885960441479,0.0943507198467624,0.0297722424063444,0.0090926186568244,0.0649282949784428,0.20203380044461,-0.0470432144070386,-0.035673328950277,-0.0204596972407399,-0.0304942443986491,0.154041333287436,0.015515600878072,0.0453318034017426,0.00441270835168233,0.0100218527127157,0.0169355190144527,-0.0608034713562607,0.0846253129825603,0.00499971779195936,-0.0560274759238221,-0.00113178193919984,0.0427265475332291,-0.0287163157476523,0.02058957431839,0.0527375377573616,0.10011239529206,0.00659708076635472,-0.0598683266739878,0.0329833317986755,-0.0242779379047161,0.0091441786831119,0.0118394324810404,0.0162678396502201,-0.00401574000908847,0.00698003627704233,-0.0552260871414361,0.02282318206566,0.18595621166612,0.015629181943435,0.044463554186249,-0.118225704829227,0.0528142486991141,-0.119754794732872,0.0421996003526141,0.00530284765539119,0.0792253307517165,0.210290413097082,-0.251388800536117,0.0184418566622949,0.0263985204355754,-0.0392759104550249,0.00560073607507817,0.0381563118707221,0.0148139224804048,-0.118666979225289,0.182456314742925,-0.191898458424213,-0.0167273566088524,0.0725884840065022,0.117711827909782,0.0111110157631852,0.120263961502508,0.0974933359181204,-0.123732260575008,0.0572781014916576,0.095385189373915,-0.1214148952137,-0.0583249254676519,-0.0610429155778163,-0.025713653239376,-0.0185215302893857,0.0931133934179207,-0.0816372298854281,0.173784778245712,0.0599818285812499,-0.0714298964934452,-0.0273874847083563,0.093595965775652,0.0305112202116845,0.00818894971865737,-0.0831282786252561,-0.0517761574345803,-0.0120870154312475,0.0521434413860575,-0.0752635712935505,-0.0875804817006203,0.0878856273847768,-0.00497169844917778,-0.0428817866758451,-0.0318974490955212,-0.103612746951988,-0.0164326225760318,0.0829042042928549,0.0285893262179096,-0.0688100458097522,-0.000531446054536077,0.0246611379368309,0.00531592483537012,0.104208789004305,0.0388739533709579,0.0312316997734198,-0.0531666742425119,0.0114174372277608,-0.0294861651757598,0.0991214657717989,-0.0173400638084182,0.0071381994431496,0.0208435726497846,0.070814957290708,0.108744253639226,-0.0233347403693681,-0.0693643807489224,-0.0529651326294305,-0.0047435757570219,0.0113822366060066,-0.0482616914185125,-0.0111182994449313,-0.0105667939478452,0.00891016242573494,-0.00850099864504531,0.00601369836091551,0.0133280197854465,-0.00943961056409987,0.00282131183391464,0.242934923515686
0.213922946259839,-0.171667807102346,-0.239205636050289,0.243479312897306,-0.304311014644124,-0.52657883284267,-0.217413569527997,-0.26549125234926,-0.130717849773953,0.0704750722138949,-0.234207316146667,0.088212117452397,0.0128323108816097,-0.24551563490163,-0.214156654886057,-0.0820149965179499,-0.122902061253,0.018270424287565,0.417506560251728,-0.182504038295172,-0.134194322109996,-0.0712270939124839,0.468910963716831,-0.351907852909709,-0.239526629796769,-0.0705174341813446,-0.298991231590573,-0.104885706695431,0.0380161292835396,-0.640277848668438,-0.348981866981011,0.357437011580248,-0.933335217231761,0.619501712257305,-0.683911383107473,0.963043254266333,-0.628411551232962,-0.254358917322831,0.0280081367619499,0.230166746843945,0.522605071267945,0.189189385468672,0.144737301179766,-0.402479802872742,-0.214651898774655,-0.250008647738642,0.151870800239405,-0.141466893209506,-0.138439756550153,-0.523846618685228,-0.00409778039894299,-0.0469975750548253,-0.025524905961716,0.0166877294563232,0.207444846430459,0.00509695607170596,-0.00793151218922656,0.168476324554608,-0.00567680852755003,0.0421477418024043,0.0104936802999845,-0.0989454688546747,0.0458834752816493,-0.053344607999777,-0.0213805598010217,0.0666166341023387,-0.156199044225399,-0.14867164290241,0.0460474005992999,0.140867631890778,-0.0206764570362032,-0.203144149358065,-0.083472098279824,0.0144220262734078,-0.000449811481246505,0.0119452748444149,-0.0624127872166978,-0.0555405890583306,-0.00110047962281123,0.0581881598510482,0.100138742788232,0.0442487165438596,-0.0409633671966721,-0.0292333288070478,0.0178778795690159,-0.0354595457462738,-0.0482437521863516,0.0420904787142888,0.0589118869415812,-0.0108045576411023,-0.00438388786616814,0.00683165023068187,-0.0185163788924788,-0.052239621883588,0.00792398793350988,0.0102580652875949,0.0351978257615259,0.041163637996507,-0.00707006880768487,0.0246837604845595,-0.00241450470560801,0.00470696343880192,0.00304240851398986,0.00802933242012911,0.0208540453243942,0.0310888789085757,0.0169062666223641,0.00134661157521099,0.0117720004394023,-0.0129046792532626,-0.0061767622485238,-0.0114957348613661,-0.018997095960759,0.0084897816362355,-0.00592220736618211,0.00262236606758859,-0.00253923393420136,0.000269339950988789,0.00471919440544489,0.000796205246717371,0.00246851822512164,0.00268745842557006,5.27658224923192e-05,0.00369216515527767,-0.000517593288929077,0.00266213709472034,-0.00439644381873765,0.000269801949456305,-0.000380431733055335,-0.000225539357080517,-0.00039075319829628,-0.000466261436991812,0.000424907942268702,0.000202906671997891,-2.66445494315369e-05,0.0570391495981333
0.09921306659988,-0.474986889989964,0.313167815454273,-0.34106585774708,0.697657681556515,0.443333754241318,-0.0165752465072711,-0.337343298031788,-0.280238950760588,-0.15804860084362,-0.152745170698826,0.118897232754298,-0.126637420413431,-0.710216386475689,-0.336310757866278,-0.330890951902934,-0.0892580469939592,0.310227598634179,-0.087077910095761,-0.398475005833497,-0.357475760144843,0.147116806512117,-0.0232995358662911,-0.234818514975433,-0.191006884582427,0.2013910915197,-0.539209556424025,0.208936783415242,-0.481318748431753,-0.432449954834407,0.170206803789135,0.0652413494071716,0.100793867468272,-0.114194540761642,-0.0100026183942943,0.37227841066622,-0.119728437031966,0.473012540164154,-0.0313786760989886,0.904232580401902,0.186002194923757,-0.0634232506460629,-0.46423354158751,-0.10611819749309,-0.306249068095567,0.0927498437724124,0.340691241208202,-0.221297145704327,-0.238246886981244,0.416602990080803,-0.177113589805228,-0.332735038737281,0.22510537698819,-0.0951905396451548,-0.243254944132215,0.227427212620107,-0.0439770949395439,-0.187050052857434,0.0139038639512158,-0.201415739825608,-0.228280695542593,0.122926427498868,-0.135805580187658,0.102553025460646,-0.0302351009201827,0.150375703734166,0.176119246214565,0.215220594277076,-0.0623246012619084,-0.259654280884415,-0.0844104193113766,0.077916870433677,0.064031208535718,-0.0963669790517725,-0.118435445543441,-0.0315504101549083,-0.0230917038171573,-0.0154904336640621,0.00230003460689281,-0.0749965145103766,-0.0484202214189673,-0.0494145265116176,0.0452937727772297,0.0213331436672615,0.0276805479513824,-0.000702441857640344,0.0955854560259295,-0.111231403264928,-0.0170402777150272,0.00365516658397258,0.0773417968981711,-0.0267957367756742,0.0106480573466491,-0.000737217166900676,0.047593316254637,0.081825558236156,-0.0532456605897031,-0.0362897664215143,-0.00478101705058651,0.0270261811486087,-0.0350361730678741,0.00692094135565962,0.0145036541630483,0.00690756612084539,-0.0509036407711898,-0.0180035459301636,0.00988724884226603,0.0760732666959943,0.00621928568394224,0.0773618407147287,-0.00788044677752037,0.0272295757960553,0.0223484188169505,-0.0272176201137007,0.0028525173672973,0.0174068389693784,0.00315180553967125,-0.018195056207572,-0.00762173591745998,0.0075113483169499,0.00603519981599843,-0.004460875781247,0.00176045965358637,-0.00335703203739804,-0.00170139346162166,-0.00255506024395667,0.00381768724543127,0.000564584197777711,0.000476772345535917,0.000429048107941085,0.000242557555295126,-0.00069081429767144,-0.000832511005755643,-0.000485257235960844,0.000208264057998614,0.777028778843661
-0.402695494165263,-0.120835114145784,0.0546496894244349,-0.129125531628592,-0.373989035972115,0.0481901154966453,-0.201637516592409,0.0371590043991915,-0.0861641617899135,-0.0480914897883129,-0.0259566507831057,0.0300293218695467,0.0631495556762507,0.0684501553203701,-0.0637186940382053,0.0460197126546423,0.0610854698001795,0.0386844650170603,0.248424473017104,-0.466634914774719,-0.269216846409898,0.0289160693774685,0.297881539322746,-0.0704867595431594,0.148314200747889,0.236806326063532,-0.0764017667882606,0.0389216053476498,-0.00733672819628078,-0.0500030669331831,-0.179066700701248,0.168252363509772,0.230635578253602,0.205570760240281,-0.0200902228548416,-0.0692490919798344,-0.0719227998104904,0.0223667343277116,0.0200600182578488,-0.121956700237395,0.218666318094244,-0.213088165995616,0.520725086652717,0.0195395427996077,0.0985336733789678,0.0847926052217915,-0.405497399657959,0.0108512886393618,-0.0503629090228733,0.0544374755975414,-0.0694230305581096,0.374480979384698,0.483511889379893,0.00344447405498619,-0.148168603999417,-0.0710035373426443,0.046596849753064,-0.119127903195366,-0.184694360921426,-0.262592159632234,0.0682603162597176,0.1862964460501,-0.18129936386084,0.153514683047528,0.351532834922054,0.00492813213957716,0.225804576430461,0.103233343307032,0.382525427932888,-0.123131786841356,0.149241510386125,-0.21147123123824,0.183643107306409,-0.0360713883854017,0.0504942216394649,0.0145275262674551,-0.172537763042462,-0.137919406494735,-0.0548604655027141,0.0168316975364478,0.0563367909089075,0.0141877921717532,0.0646115123871386,0.00901163134251459,-0.037699526100257,0.128942754499972,0.00817456128637493,0.0828421332817934,-0.0511085733436696,0.317884063340701,0.090547924752437,0.0360338860583528,-0.00669491775896704,-0.0189854038809937,0.0407167508838038,-0.0181395782606071,0.0290076425608181,-0.0660042748569244,-0.154655357616281,-0.0312473227845921,-0.0684039440738476,0.0402461128749075,-0.0131155509874137,0.00767674354568804,-0.0415456460027336,0.0716731166437076,0.0133360318017883,0.0048685490678231,-0.0118883369330886,-0.100496724627917,0.0270419208483062,-0.0136336668015697,-0.013776649566981,-0.0501959066200389,0.013619530873719,0.0251328722201325,0.016722671196455,0.0068773471288682,0.026902152160593,0.0124808868969435,-0.0173269409948662,-0.014657828936762,-0.00377152062910299,-0.00180607778900449,0.00793187392842489,-0.000255661090653428,-0.00358628714879946,0.00140021992339372,-0.00433712530002267,0.00260181807134127,0.000152535726735877,-0.00220094547470651,-0.00335136225001528,-0.00157948428410288,0.000613365141794641,0.522945294270158
-0.590619755420048,0.402429906392814,0.0980738409393252,-0.4601493866706,-0.307615482588676,-0.470038785351875,0.855836189794545,0.107610782535513,-0.096735010074866,-0.105102589632822,-0.00607446392525631,-0.239277904991299,-0.0922447068300113,-0.11062709499704,0.363889676553854,0.0317300696576808,-0.0559965346819612,-0.22971137343751,-0.0177246712447641,-0.15037501320373,0.0849384807824072,-0.0533389597963984,-0.062742185760036,0.16321619756651,-0.202415880222061,0.0751152877623576,-0.220124204563772,-0.127455021352751,-0.129949291354058,-0.0780457247572337,0.00161988762147737,-0.165804372024276,0.0592324417207759,-0.121543224432982,-0.0141828688477682,0.0743377900717803,-0.0318405933949884,0.0518528861884837,-0.00459199657476595,0.158276119093858,-0.166966287276311,-0.093397030551664,-0.301802245651993,0.0962094577371451,-0.0744065794683773,-0.0384958237771065,0.00688360738947678,0.164746766983189,0.154632991883004,0.195408393169866,0.0257690634933411,-0.0592757434116307,0.171522213005956,0.0385993226031386,0.24987384921557,-0.17352550496143,0.0629664325109279,0.0676105202855734,-0.0896242568848663,-0.106050860261012,-0.0694450481593738,0.266735512592121,-0.280960780823532,-0.0748772680539176,-0.286035372615941,-0.0561468727522258,-0.221746210809151,0.207148047134088,-0.198504823016221,0.400705276922921,0.144394868003436,0.0119501454245046,0.0288795296416555,0.0797626886621322,0.370700155435113,0.00422720542567576,-0.216590549019339,-0.0932373012752914,0.114222327068344,0.236026276265432,0.180042523740561,-0.244992336482744,-0.0282999872358498,-0.216353943592426,0.0501699315984918,0.0830561976171569,-0.089102219298131,-0.00134379413098068,0.0371946390038363,0.0781709155703189,0.117600924769793,0.043928312639773,-0.0839492053856618,0.101576402232489,-0.0174752931102882,-0.0485477029435301,-0.0298815319126317,0.00909308068697998,0.00345776684994539,0.0960300088799939,0.0910780746743468,-0.0262668347177899,-0.00768472887515035,0.0302874985859148,-0.0425045453996537,0.0507293393147333,0.00167517691640802,0.017497333632498,-0.0677721932125254,-0.0090603671343357,-0.0712014044053188,-0.02737259291432,0.0331604595547786,-0.000991428690010072,-0.0266196045750413,0.0519920656344528,-0.00433790012633794,0.0071799434180647,0.0188870516407679,-0.0377843658420004,0.00554902758117572,-0.0110492470757351,-0.00499181082452965,-0.00302008986910453,0.0100672478547089,0.00119151389455287,0.015277114609348,-0.0060604664818109,-0.00639476990805813,3.97662837602669e-05,-0.00963829359046922,-0.0008967415513886,-0.000390654007003704,0.0028259927724021,0.000323214710756885,0.823697173969406
-0.620109733044441,0.762944082188858,0.289911663688485,-0.650840265782387,0.362117715526775,-0.91776773612019,0.620499276086119,-0.0424094075113716,-0.141745149441586,-0.247593393332366,-0.209065180732455,-0.311231149766227,-0.43046180280937,-0.212307038986764,0.308822888916134,-0.312448206523079,-0.221682738995944,0.536965362868563,-0.0653414046073,0.119441581407582,0.116524445465379,-0.0591865835345274,-0.632135653394051,-0.182176338777995,0.193732411287244,0.172820788599947,0.174533269335005,-0.200323517519456,0.0303547564305743,-0.11173725256675,-0.0363944723893371,0.146504356406018,0.0575368964130813,-0.0669048790162368,-0.0701361502445986,0.174035516797019,-0.07259696713538,-0.486487025229907,0.284404237845054,-0.0496385507295509,0.0875134987852243,0.0852416479249378,0.191527472080412,0.0864342883073813,-0.220358794989127,-0.0641944473131434,0.102539568495048,0.0343337429685628,0.0265674795712261,0.107661013596223,-0.284240977037731,-0.0106233477845471,-0.121512266477246,-0.131511454344296,0.134060359612752,-0.0509255024393184,-0.1701890614426,-0.0346692145438737,0.112490316015194,-0.045907711430434,0.0139289038021661,0.0638322400704029,0.112665725745805,-0.226565782715142,0.116129197644537,-0.0655653205301009,-0.180187524515423,0.122113107371388,-0.0838580449684502,0.0163531644754583,0.0964330321811494,-0.0318979075702532,0.204887536786189,-0.0344136101492874,-0.226733348381123,-0.190944851621445,0.0990874892108301,-0.23696216191238,-0.133689907814566,-0.013037779958933,0.0563129021435888,0.0731432180181135,-0.0651737977877101,0.168268153261627,0.257136677691844,-0.0399313491997574,-0.0404855485308212,-0.0247826289975982,-0.106612916587169,0.146475954158636,0.0919826004596427,-0.0631450368308954,0.0533459694608993,0.135305910256541,-0.0192953605205545,-0.21969964436003,0.014270780027651,-0.0635619640211174,0.0451382037097473,-0.104050842734931,0.0291349310030049,-0.028774859821764,0.0104090516327799,-0.0153361073670888,0.00476120277285346,-0.0877017214187528,-0.0829868868749915,-0.0124584736134234,-0.0202557596987638,0.0144347566587972,0.0743110468197033,0.0386309054147149,0.080734965686082,-0.00918273991482856,0.0370487909036235,-0.0187201611988185,-0.00758616540594975,0.00396151817629667,-0.000666316274290142,-0.0109475967742575,-0.0212765966090141,0.00408275865964045,0.00561705756210482,-0.0212212723963698,-0.000480806226006221,-0.0195538409858837,0.0134056558423563,-0.00196797313408875,0.000376731505121453,0.000492052319570727,0.00214585618546108,0.00118874333723252,0.00027791368438446,-0.000935233089033321,0.000190924837622548,0.263676432460461
1.23401028095987,-0.487060793988078,-1.05766483341891,0.517933814611655,-0.0638999217405451,-0.46077607192363,-0.293256286801939,-0.212685565450735,-0.224432958901983,0.0796923901846048,0.15695810412184,0.129918456980854,-0.0886225134560767,0.155296503945994,0.0528972005500266,0.277623826899241,-0.217995168239677,0.467621062062084,0.132540245748333,-0.299362274556812,-0.109716596615803,0.18087822201222,0.0845621674115147,0.22524492191196,0.134021955709222,-0.4547062378852,-0.0327856382985736,-0.0132538471686751,0.192126608616241,0.225716013955498,-0.3616381786265,-0.163746193424715,0.0703794575393852,-0.318247388307773,-0.197675402902722,-0.31084238832197,0.114945386030804,-0.0732451746901147,0.178304765351901,-0.152168811633193,0.681744260571761,-0.077864987225979,-0.257988266136094,0.184003845879484,-0.310564815136826,0.289506731430137,-0.387218489284909,0.197685647316351,-0.187881532492474,0.326589902433328,-0.366659035114344,0.123963231693437,0.160201828634275,0.278778206063602,0.0437067596932432,0.141745215450748,0.061567772535708,-0.105829921060176,-0.10557993562524,0.0746212081434286,-0.283629081636703,0.00938959054559169,0.133711971490204,0.0497248751242249,-0.216396186503296,-0.058782033866546,-0.144607944606428,-0.113374126271029,0.0918654454003671,-0.126491884157837,0.186019769245145,-0.242362486818994,-0.0599727293730039,-0.206374782853399,-0.120652445286298,0.0779445874406205,-0.0659439421534268,0.0122223738420195,-0.00756347617066694,-0.0375728768991961,0.238306797834502,0.0388437612956575,-0.0570669702040534,-0.0188426338242267,-0.0281091894316428,-0.0384585799588807,0.193236121319129,0.100793354838918,0.0654018592195649,-0.0746277914086949,-0.065074781530486,0.0187434307061008,-0.0438262622398998,0.035807200969005,0.10393547733265,-0.0961054713645906,0.0814536439305736,0.0844395394218675,0.0738149345356365,0.0570324305193729,0.0659199338806295,0.021083380482769,-0.0611278027609589,0.0793211509033766,0.0114825927236781,-0.0824823626352452,0.0363374764685991,-0.0135148501358971,-0.00704997365721216,0.0435364704919125,-0.0458899827627361,-0.00416928881809039,0.00313397678042723,0.0222467194516097,-0.0172907146690567,0.0135341989796798,-0.017289168421043,-0.0132607276587514,-0.024051898040091,0.00603241436249558,-0.00894065214164699,0.0154853086436593,0.00264791297296766,0.00165596208704024,-0.00953776586353177,0.00165370021422426,0.00436050259984183,-0.00253981729094051,-0.00218687264987299,-0.0010945549930624,-0.00197473772916652,0.00101365254121749,0.000131160850319376,-0.000736322987683133,2.74638075147816e-05,0.450350012963443
-0.463844143981185,-0.167202564687422,0.12725838244402,0.0120075437798721,-0.287776955913187,0.00614354457117763,-0.284795906832179,0.166207689430965,0.11101165495174,0.0283397311350275,0.179636509219103,0.0188126331055422,0.152292901876944,0.0400330279574124,-0.144051947826038,0.0742494715140706,-0.00121187002196622,0.00876534526947413,0.0601726857939449,0.064609552490639,0.060635717131575,-0.0336635988944743,-0.00520362842234456,-0.101933100471316,0.0511602395815768,0.134179522335018,-0.0458758092112847,-0.00155429078477231,0.100010527607401,0.0559064656988733,-0.0848139660451019,-0.0129268919269261,0.0416624781189541,0.0232015821114994,0.0133971259735425,0.0221504420379692,-0.0471974400018132,-0.0137452363359642,-0.100985057000573,0.0559697311261125,-0.0540437763427635,0.0440047126572418,0.0387882933190466,-0.0370598913955756,0.0220203747086213,0.0382581878502263,-0.149726109315576,0.0324590277892814,0.0623461972061441,0.0296764440672928,0.0593692038101124,-0.137508589852819,-0.0609831851206508,0.0928936228306771,0.102108106860151,0.00519825642312689,0.0180884545262236,-0.0415956972650605,-0.00878585274304635,0.0195926155280053,-0.154457980604414,0.00117185667816385,0.0645964974188908,-0.0442792841883039,-0.0817034496468338,0.046917341217705,-0.107658081412872,-0.0922821148025584,0.0902334148905418,0.0167954963973826,-0.0596065659094752,-0.00155468294077701,-0.0199581232993594,-0.0970490347186244,-0.0851100818234047,0.136426122856706,0.00759596197262646,0.00687125802605738,0.0184787723415011,0.0238928902539168,-0.0748609613714728,-0.174173891398139,-0.00889086812726071,0.0329261433627066,-0.0876125478340162,0.00180658711724454,0.101309308033493,-0.193359429177649,0.0378059396131899,0.0766313270799086,-0.0298605125137237,0.012440104959248,-0.0667037860529245,-0.0328053139323076,0.0145568498630038,-0.0310163318917031,-0.0140397791994507,0.00448263675430656,0.00216126560182276,-0.0982029275369377,0.0200476332919196,-0.100304403226606,0.1083967005638,-0.0740332688739215,0.00922216408134614,0.0856639964617763,-0.0763911291073121,0.0206697988881546,-0.0585039353290934,-0.0142738852190916,-0.106880389108516,-0.0318041404947976,-0.0584680417498205,-0.048286240651709,-0.00577771787616627,-0.0756429084144281,0.00231134811726844,-0.0565513591472141,0.0217357397669965,0.0625171430602452,-0.0818138303619975,0.0008353382473744,-0.0567569130540271,-0.0900336036910717,-0.05309860919668,-0.0423290144774631,0.0135851823606392,-0.0169856545040796,0.0181862231256571,-0.00970506044038483,-0.00885172092521825,-0.00230197331398977,0.00117557685653139,0.00632058588234585,-0.00515662785938786,0.242934923515686
-0.433540361972872,0.396956661993632,0.427320036567513,0.433775047428523,-0.642459846328309,-0.166317238949659,0.524772188507157,0.260227522777543,0.152906206960619,-0.160036000208006,0.00425186905245952,-0.441266917238293,-0.464607339752433,-0.133674996136971,-0.0264054253763095,-0.0151311318487981,0.0170343957383635,-0.015465607802957,-0.267985439527484,0.215831664318485,0.00798690898976357,-0.00112352292314412,-0.212132958464799,-0.0530028591482661,0.0806171499166469,0.538253439233591,-0.0426260585573998,-0.332108525362608,-0.158811402096958,0.261322305917412,0.048941012334142,-0.314961824822063,0.0644148715419714,-0.0721868606127565,0.16553523736481,0.263272853253246,-0.372531285079661,-0.0459433761117506,-0.102950094196656,-0.516636510150261,-0.117252989588254,0.206270116284712,0.136945429173804,-0.208429841837345,-0.252550852450158,-0.189676264005671,0.0962793201723598,0.0724436759190575,-0.214599453618657,0.0768302785144891,-0.50522175776111,-0.0125218440558822,0.262967529258575,0.363871835372567,-0.0422330251521966,-0.0968252273566685,0.0353168846388435,0.0780430437823713,-0.158366930101036,-0.362538951976839,-0.00339005689773975,-0.387771816568672,-0.154624624470427,0.108084399412802,-0.0259045598436509,-0.24316639500051,0.199778776928119,0.268643561948866,-0.00295979492715995,0.109255390371354,-0.097589131968269,0.0710790675603337,-0.113085294321182,0.15639020911968,-0.258784122348302,0.0477980803105327,0.171632277813779,0.190163186181083,-0.305281299231561,0.00607784970733832,0.175991737309081,-0.0532280531323629,-0.00144386457104799,-0.203434819110392,0.0388995259297187,0.00673416321171747,0.0409556130681921,-0.0177093175722003,0.0781699090230933,-0.0801867868799799,-0.109976038061496,0.0510444814823695,0.065132256698048,-0.0261908524808964,-0.0594369620333762,0.0811873417686951,0.0524748836913741,-0.0233820703673779,0.0393199077747301,-0.0156639721089842,-0.0394958181634936,0.0554975723295606,0.00317370296776835,0.0279597239315894,-0.0380849896485154,0.0386430406310127,0.0206754575750971,-0.00452154518630286,0.0375852700758358,-0.0134764077533678,-0.0270124939952095,-0.0130329875093187,-0.00753462595252153,-0.00144290836172933,0.0136899905959575,-0.00520892558049699,-0.0206927641009917,-0.0100439674815289,6.42133285235158e-05,-0.00197212997250566,-0.00906623865755162,-0.00342054045034177,0.000552045801908849,-0.00607190644926824,-0.00316423374299522,0.00408221021181272,-0.00115141324371767,-0.00434474006826701,0.004819652692442,-0.00164100695784034,0.000541924047454425,0.000835204457818552,0.000142662247804157,0.000962018418512016,0.000346952630653015,0.901477832512315
-0.629541206824108,0.296376106334756,-0.213803482678067,0.656500556872176,0.0193711338970949,0.194830183818719,-0.315023044277234,-0.125023214758449,0.247790479356571,0.0359780459027504,0.147449256249836,0.00485974230506394,0.150814210711459,0.144967832856572,0.0179968163427735,0.0491351047636264,0.139216376232873,0.0718154898056268,0.118040846243759,-0.0923403599484826,0.0964917055479828,0.220205339406397,-0.0578602612046751,0.0914991733007298,-0.0846615782926607,-0.0025873337207005,-0.0402168533281038,0.0337745614090383,0.0773467130118148,0.112647027739244,0.141137158982675,-0.0527320438020156,-0.0828458985433794,0.00702354006025481,-0.134604553633194,-0.0551476310233294,-0.129813704526315,-0.179945229716727,-0.027092216408477,-0.142295012959493,-0.0906544732771771,0.209985165174065,-0.042023025095809,0.0993371033833358,-0.0581193986558376,0.0508961324292607,0.420212857642613,-0.000295317804005291,0.20563371320609,0.00537815493849726,-0.0796137212788872,0.176864997545663,0.147506882589665,0.0340342221265085,-0.0163094537206258,0.0764989900564217,-0.00755177942167014,-0.124222457253303,-0.0877440696109159,0.00163729646340488,0.0160464484239825,0.175692376460957,-0.0214076961153506,0.112988679208775,0.152924708737937,-0.112757552434726,-0.106050552120472,-0.114045784602488,-0.0562370107294974,0.000555051515194655,0.0824599717749866,0.0523466914838504,0.0930491776674595,-0.110025378056059,0.0224930994761659,-0.00646018832118419,0.152336337264783,-0.0360397246411906,0.00934174455183546,0.0736251140334696,0.0140334304068303,0.125286495510618,-0.0534842928852751,-0.0403028912194511,-0.121636909380582,-0.129113623965536,-0.0134784260144659,0.0436484133315556,0.0412508801521029,0.137165366015274,0.104920990880796,-0.134582012170278,0.0502109479949159,-0.106621300323135,-0.0340533838925606,0.115526514260963,-0.056022181772986,-0.0115008585613931,-0.026681901310024,0.000228075530827669,-0.00141249236027957,0.00333831823043949,-0.0741026829602433,-0.0697043624306923,0.0622188699114803,0.0636162849975777,-0.00044437576656836,-5.14254122466178e-05,-0.0407402801337767,0.0577370528433331,-0.0496351547993244,0.0768338702624373,0.120799227521499,0.0599140938124928,-0.0889780798344463,-0.0359041874839721,-0.0300638382211547,-0.0504647864515815,-0.0322341092086069,0.0210038711905125,-0.0299025755512258,-0.0347267649091655,0.0260366926369643,-0.00428990145502317,0.0207194408906875,0.0479318687380832,-0.00529353675171267,-0.0583545502491072,0.0231618976348561,0.00948297100845757,-0.00534642871626664,0.00592232290989473,0.000885657039704088,-0.000992106976358649,0.00254111703172098,0.543686803214934
0.643693913116461,-0.370496390950031,0.851540547590821,0.968120145747327,-0.292461515174309,0.562392177390836,0.21181769862713,0.20749870950741,-0.219352992253547,-0.115058052280614,-0.0503382468037976,0.0387364699923487,-0.40539568948783,-0.0712387313211018,0.0591334230249779,-0.273174079057497,0.057299053577136,-0.118912311472655,0.128733615669618,0.20838210249489,-0.0697213770205682,0.164424059499671,-0.0319163394835297,0.292986804434964,-0.121831200741021,-0.254800219313359,-0.236485310450512,-0.138692486075123,-0.0102370961388193,0.27808378566255,0.0265860024416003,0.133243669860795,-0.162453775104656,0.0849451201118993,-0.105443877505317,-0.033780411937144,0.231656391729795,0.105299513663447,-0.0626434392701198,-0.0481611178869221,-0.101693584756191,-0.224354824554461,0.123823786964834,-0.221492144136926,0.299158560935378,-0.0154605359943338,0.183520090438701,0.0693400226026032,0.0738511122554803,-0.34462486648738,-0.289501614854449,-0.0430018964275163,0.0143134861450872,0.114252518076592,-0.0774316978145795,0.0871669797478667,-0.114914574139737,0.0640801280710992,-0.0702931880330391,0.039245229822176,0.0723443666875293,-0.0242947791765681,-0.0367514987740239,0.141391320690228,-0.239490715606218,0.218762724235949,0.0790423787471265,0.240838105347171,0.0107749370908097,-0.0157636874801367,0.00432872849208215,-0.14590458235314,-0.087081944523516,-0.0206007931890345,0.0818486674587894,-0.106095338287641,0.21272301535473,-0.000653900491262285,0.138241601377182,-0.0525135858765776,-0.169926197316467,0.0408197301714489,-0.0449318147833791,-0.00240610531577074,0.0696861664649592,0.0683655757936035,0.193021681453914,0.0503873543650657,-0.169210305601386,0.0919172155380763,0.0183513164301781,0.146909019614182,-0.0912942809014782,0.0381956048923427,0.0161301645176082,-0.125190792140701,0.0280621150983421,0.00667027370542955,0.223392478858816,-0.0179608056316128,-0.131110112889094,0.00026197442716467,-0.08825846492214,0.0144533602761126,0.115783247502491,-0.0113016568634617,-0.0137738933436162,0.119927965388772,-0.0367681338373783,-0.0513851799791981,0.00690518665554993,-0.0554269613962539,0.036687572882469,-0.0298000778635405,-0.0838604738512409,-0.0225653190483682,0.0258337559169153,-0.0216696260147426,0.0326195045526754,0.00431740056127554,0.0271645486130088,-0.0110991936155095,0.0213313230286262,-0.00785175681269747,0.00563206004339868,-0.000633673383408104,0.00478461864360287,-0.00515696254660335,-0.00524025885640863,-0.000455225032039432,-0.00734550129931241,0.00927318438242947,-0.000551428913221633,0.00657326729241097,-0.000753745421360769,0.491833030852995
0.180580396125019,-0.15629161994273,0.790472055796178,1.07452961934732,-0.834365889188826,0.646426432275624,0.262563118893902,0.196812243379314,-0.0289447960714004,-0.350624100419142,-0.0258734089708723,0.117180605142226,-0.131290846786743,0.0630054961832412,-0.114210392004262,-0.157711492931477,0.405887235014469,0.0273500780901558,-0.281436942011758,0.309905459200697,0.0299149802537184,-0.103255312334606,-0.133886774534172,0.17042046943755,-0.00168157441512255,-0.159626447381022,0.0433557823346793,0.312419708634618,-0.140897690414801,-0.215805401537772,0.229701422130778,-0.284027592545945,-0.0333961603682506,0.021058648335408,-0.282941724055763,-0.349703467435954,-0.135026171409317,0.376400706581052,0.206660298453306,-0.283178440224747,0.412304691671247,-0.0717059960620568,0.0596196106807141,0.290129877422627,-0.0164810990180777,-0.237507046133608,-0.158536256068364,-0.112293241046268,-0.365350595054253,-0.169859238779913,-0.181162225455943,-0.0862070338669786,-0.0734369122776652,-0.0978368928554118,0.162589975797934,-0.0736854301298008,-0.0257664542976629,-0.081100005867191,-0.091642772911156,0.105605900719461,-0.224218999050647,0.0543522350826424,0.0589112651935092,0.19140657683956,0.0896624594536145,0.00677853411282782,-0.11722647280747,-0.0160502821760624,0.0101391164767303,-0.132308770837824,-0.00556007694162136,0.0458429339804663,-0.0397896138394468,0.0322810413736179,-0.0302989132580696,-0.097675849848132,-0.0243394091313542,-0.0383074490981133,0.00266299522846707,-0.0886360263496841,0.0746469676195886,-0.103002440405127,-0.131511582928371,-0.0986383018165462,0.0186820949773041,-0.0383278040125471,-0.111367605312112,0.00857190589750704,-0.0032905115207386,-0.063140703207448,0.11272209006455,-0.0064007955372618,-0.0527065250493423,0.0059221741118314,-0.105845754274334,0.0126032412223578,-0.159425639329277,-0.145469833296608,-0.0315342362698343,0.125121196719251,-0.0208034160659763,0.00213640366149874,0.0950083498684431,-0.0176021718292167,0.0848016372264427,0.0171561910588701,0.00908511758897623,-0.0448481213715953,0.0225570814984153,-0.0114790245931421,0.0441110497446675,0.0922877832236584,-0.0262824980066403,0.034105756992262,-0.0660778616421144,-0.0116740708838209,0.0348112249781357,0.0612544230819693,0.0362049364172068,0.00957989993251817,0.00885441570324981,-0.00970834687261556,-0.0199813968322705,0.018531180274499,0.00079016818715233,-0.0553090818573002,0.0189592090216147,-0.0141422535116514,0.00184760471539672,0.0160647353188609,0.00890097328185938,-0.00488025343037449,0.00251103420870451,0.00324189424678108,-0.00268070619073553,0.429608504018667
-0.589538914826739,0.356673399636047,0.38612063994798,0.0818997228878454,-0.537277749200268,-0.428622749922746,0.397145988400826,0.236606576491643,-0.0351664157580144,-0.108480772532411,-0.186808764494336,-0.217757844513318,-0.203112449129967,0.00228308317078448,0.134609978382489,0.0731104755810843,-0.0584036636315168,-0.356992817373774,0.0383535961067933,0.0861372331076039,-0.354590985209877,-0.147139882044957,0.21361301518083,-0.0813759254020999,-0.191979086571993,0.032921744832,-0.0761356525028477,-0.0669334167567855,0.207621770838972,0.00490002128040628,-0.0805550206474805,-0.421488163951802,-0.0395620921909253,-0.0031648939401294,-0.0465208556809751,-0.0149756509579429,0.215836400149996,0.0893925485005054,0.191250144704681,0.0451082345785124,-0.386763022736263,0.227132820472286,-0.179881048019545,0.201694983670673,-0.259813501514895,0.200561297808896,-0.129083522479547,0.0575960172428396,-0.0508049359641613,0.103595821641961,-0.0165666654644734,-0.130345651899227,-0.0959789408752474,-0.0511810004547184,-0.144782229509812,-0.0369751093035892,-0.138233893609932,0.00613070147557576,-0.058545915697902,0.142247736738975,0.0785804819218965,-0.147554885795917,0.000998752269809457,0.127868937011915,0.377009089541023,0.225089411731388,-0.0982732297836487,0.0587601508127554,0.157431546496855,0.00995910471323418,-0.18316783662214,-0.331675554969138,-0.0952750775753271,-0.0432903789276646,-0.0885191192751514,0.120326286494994,0.167935868760065,-0.0326933915644629,-0.0879427543685444,0.0534378847518159,-0.274777009377642,0.236684778392386,-0.203839251527426,0.105392067528711,0.170244673486317,0.0733533506396483,-0.116971563263019,-0.0145336493706818,0.11113863619679,-0.0808440033126106,0.125607549826044,0.175096827965964,-0.109041745271835,0.106920118282613,0.0758673315204522,0.096020577324284,-0.0270635397361653,0.138470542123001,-0.0905523981438565,0.11747048293008,0.0637870971944992,-0.0242955776890462,-0.00118169569420066,0.0656776630766064,-0.0375533837022097,0.0315675993607527,-0.0513498304777627,-0.0234315418232055,-0.0265020427958263,-0.0200867913671157,-0.0695747438271944,0.0383893990801114,0.00782914289199695,-0.00163620957891566,0.0079735117417744,0.0188726575998835,0.0257808310344423,-0.0339161209393892,-0.00653807725358236,-0.0281087860964855,-0.00799881951475518,-0.0150507988952164,0.00790950889178132,-0.00127350572313245,0.0073293256614097,0.000380184943479622,0.00177811187994039,-0.00294907846336657,-0.00363642080477717,-0.000495186328695029,-0.000196308293909988,-0.000190057905663281,0.00132016795783605,0.000447873468345771,-9.37459181689381e-05,0.36738397718434
0.214306865018099,1.01871550498426,-0.131926429122779,0.561073637702553,0.45641953837858,0.197617541732656,0.0588141178796098,-0.521168169612558,-0.43646542096829,-0.176771118487439,-0.530230686701541,-0.348155832859022,-0.184023589195495,-0.559268414988061,-0.813211759679479,0.809878436884922,0.141609739119374,-0.9213408704063,0.366262816119404,0.214189305295132,-0.152244455492249,-0.412006311745944,-0.48184343288442,-0.0492903035150528,0.654397670447244,-0.52728782590631,0.262433569255456,-0.402089822932459,-0.471405218027904,0.0280665376388064,0.0145485987037825,-0.240052659128466,-0.0650639877916897,0.300727531229973,-0.224972801357063,0.0948502028864186,0.442934238193121,0.243916751863854,-0.291676192900113,0.0454969996880768,0.0700073633792939,0.255383433446597,-0.264070538754752,-0.1187692221374,-0.0248613711042352,0.107262567528585,-0.333795412652073,-0.559246678313386,0.149742898328404,-0.0266852005463662,0.182521178325756,0.223502666645547,-0.147881276969159,0.363150513653635,-0.238592437313824,-0.226558332023725,-0.26961393102008,0.243727955735673,-0.339052031247119,-0.0831091072506531,-0.148439242733654,0.14219187642662,-0.189386304489258,-0.172762838517221,0.0547088280491155,-0.202084042796806,-0.115367329089311,0.0753453319623285,-0.0855465884485794,-0.170227804829971,-0.0335646977612871,-0.0305695836244017,0.0367662562169854,-0.0699092868251197,0.00592501496307939,-0.113254682257198,0.120636659980278,-0.0575236913915435,-0.00593134234743066,0.0803348137044708,0.0420313297947367,-0.0628552088697603,0.0484051052874487,0.101826979400784,-0.0474971435912086,-0.0175945279924531,-0.0479162633759565,0.0200742631046921,-0.0605379073711483,0.0240130850520923,-0.0237140777821858,-0.0304410170117457,0.0233637159781202,0.00170318607935739,-0.00342113050889666,-0.0154520671309976,-0.0121698606384496,0.0267437965743158,0.0215928703403996,-0.0309585438379947,0.00176791627510182,0.0237492497621634,0.0364486038101043,-0.00789430136071029,0.0153785945452623,-0.0150249892174638,0.0194604057334686,-0.0285651540814141,0.0102809799674048,-0.00258633480838895,-0.0168271737559469,-0.000654722151137867,-0.0176336379015209,0.0084489245025797,0.00261481025419886,0.00285851673718059,0.00238342172433472,-0.0108033282386688,0.000135300486078801,0.00164015783003713,0.00591853382686573,0.000200959056805165,0.0026794506172292,-0.00194257795438438,0.00040398639846294,0.00172567003650274,-0.00202994526892664,0.000200607995671193,0.000763453750916492,-2.11355583392655e-05,-8.0717811214418e-05,-0.00022258096389445,3.43105630568988e-05,1.92500260806134e-05,6.60926132126604e-05,0.325900959294789
-0.479399139639648,0.246834335229058,0.21920184364984,-0.256812353333763,0.799207789611927,-0.123820174821853,-0.145136357856203,-0.408273763727288,-0.0328905482901853,-0.0491743150387699,-0.075655212541213,-0.177877467799128,-0.113699733092621,-0.17716794604981,-0.173624060849544,0.205741099289738,0.143309800226415,0.128549973449227,-0.09643065072941,0.19850725718117,0.221056834992032,-0.225951454750116,-0.163302146703382,-0.214457878569067,0.302598976430601,0.19000997498677,-0.0976271681202894,-0.206222764922177,0.294628186790162,0.156410850604576,-0.249986410505815,0.0690174148377979,0.313238801352996,-0.108811165817587,0.216406593135253,0.0721865656156458,-0.161436421015432,-0.124237746584112,-0.0600725086823614,0.0377027830721161,-0.000998139418131254,0.19817131641777,0.188442893957576,-0.194119804286987,-0.0412869597597885,0.113356622043651,-0.115241214231491,0.0970849671813307,-0.223253423889801,0.0261722679541268,-0.223863296561885,0.10885813898166,-0.00443273594874987,-0.134726760757418,0.257244739456099,0.195034733669913,-0.286598780324777,-0.218605203702202,-0.192597080905852,0.00126442070205685,-0.475460341608716,-0.232171846130638,0.145500343760854,0.0603136766935856,-0.0106474346433516,-0.107369221744621,0.166812000832606,-0.0110820730073071,0.0773029822833484,0.154840829109099,-0.0576569787028004,0.128055582209024,-0.0594963149011061,0.116491583011601,0.286690217305335,-0.00200109427214863,-0.0444540430537617,-0.130708973008816,0.0790275390749297,0.0917495513167966,-0.152614236739979,0.00768222784278373,-0.0221215120293416,0.057650565949082,0.02507809259988,-0.233912706323266,0.124396072543772,-0.220991392268925,-0.186863449512483,0.0369775902496548,0.00934851120949851,0.074770192374774,-0.0269127417709235,-0.075131538535836,0.0487931289505424,-0.0643838078826158,-0.0751591342519383,0.164564478870855,-0.062347019313251,0.101926242490394,0.0259924470410922,0.00769175418219152,-0.0336990907209675,-0.107391614346986,0.0778129020322215,0.0550987773938527,-0.0510704788032924,-0.0124758942639543,0.0638115880852004,-0.0175730556128782,-0.0132878010592801,0.0104425701712811,-0.0417791544420916,0.024733067206041,0.00196303482836815,0.0117879686434403,-0.0243453737501535,0.0197005048265823,0.00751810957665168,0.0141981399652028,0.013561487261852,-0.00751913471811995,-0.0150441091555325,0.0392486023519368,0.00431622700338021,0.0216655145194418,-0.00195089046679536,0.00588314338242018,-0.00935158880029983,0.0065607323590931,4.73686548260891e-05,-0.00263172000404592,-0.0032047281249192,-0.00163108527155708,0.00122201489995593,0.522945294270158
2.70755172908242,-1.27719323056658,0.193757656504313,0.851224181342033,0.0309314134620346,-0.552163065640483,-0.0662499085540901,0.141488941649244,0.10571608605978,-0.103793230666923,-1.34664665529128,0.265791099405176,2.04130484799521,-0.623047423565361,1.12287115485241,0.535858664616717,-0.338818833589689,-0.00147354872772031,0.296895280040774,0.0786161257181614,0.478983259625475,-0.19173257827553,-0.989267612870083,0.60825113753664,0.27757564626933,-0.24415006520889,-0.750914318238473,0.0479241967962631,0.195714423184635,-0.319369107510864,-0.0574088034445089,-0.0388576616836012,0.164278851917176,-0.28768443821843,0.269413796859297,0.241753479538318,-0.274167010656541,-0.00107564483330962,0.0401659923971543,0.0802400242735945,-0.383495302707279,-0.179191947805075,0.199465487348783,0.13791950893487,-0.0485286665087732,-0.112292401929973,0.0418149845051577,-0.124538248198854,-0.130748266711226,-0.0314002023850168,-0.00163528380048408,0.0276440614719908,-0.0443021573837674,0.175209615579607,0.0518495155200389,-0.0833393635680492,0.0620330805240852,0.00279175362869629,-0.0866661414217048,-0.00885143606925748,0.100565346039553,-0.0698350827431947,-0.0550296598233593,-0.0119474791377107,0.0967193719896034,0.0941420379298412,0.000598731675139527,0.0310220776407862,0.0944094397432984,-0.00587318941320391,0.0144433528979128,-0.0311691872167581,-0.0244183084082651,-0.0150650490945743,-0.0415667159656956,0.0021566971063719,-0.0158107023713655,0.0292452198029337,0.0253886403752541,-0.0121103531457856,-0.00862602155636021,-0.0117085587410799,0.0151704400942093,0.0126842381188929,-0.0166290243766557,-0.036388704639764,0.0167904088832764,0.0232432586873992,-0.00274352665465152,-0.0119603708702328,0.00875541163111333,-0.00533189364375433,0.0105276500520398,-0.00126573497848714,-0.0108769850894446,0.0206897091701788,-0.00102155908048148,0.00577787494039061,-0.0124530752177512,0.00130427666996091,0.0036233240759077,0.00711395375701012,0.00568529069209134,-0.0103495861373237,0.00381170038312588,-0.0080648858045932,0.00263459760381878,-0.0014613958429089,0.00084148612482883,0.000452024843801583,0.00666233683298222,0.00639809381943369,0.000130057650229108,0.00773898148890822,0.00214525475237153,0.000543016323322802,0.00241346330285161,0.00289506756482439,-0.000578126293008037,0.00472076926826621,0.000610777041327295,0.0017541412846112,0.000353873656411001,-0.00172970048393245,-0.003069348101091,0.000217590198799623,-0.000272677548807474,-0.00037516303058531,-0.000891089702924947,0.000316115806103826,9.97519181882207e-05,3.85686707587661e-05,7.12524101528524e-05,6.17703318489299e-05,1.14357753423875e-05,0.0251490795955405
-1.03356238952562,1.16798772257473,-0.682012016492567,0.0558345458776336,-0.326175085623402,-1.00043175469553,0.507093184199523,-0.0230230769908264,-0.0765874233780377,-0.128942957053334,-0.130396629276493,-0.282147753948235,-0.297626190475353,0.16993252207694,0.512107645589804,-0.108692980466687,-0.258589454337234,0.0841351310199394,-0.0610637623124274,0.33527832600046,0.411873546026363,0.0300476857171362,-0.180888776521849,0.0471755249631145,-0.0463557645686367,0.201784547664919,0.225003507471216,0.0185300449475888,-0.0286697909339255,-0.0865907526064162,-0.187468477654195,0.27445493090728,0.491023214322898,-0.212286608985287,0.00684942690009907,-0.134969192112897,-0.236546444856353,-0.0354738812931533,-0.305111052997631,0.245073046596115,0.138242687728132,0.208241551267301,-0.143234741830421,0.0284223310113988,0.102913816000867,0.197687964935568,0.152437758074396,0.120202577003593,-0.116008884199442,-0.0547866061542298,-0.0166040808804544,-0.0525096786663549,-0.207257760620553,0.0656759309312206,-0.062460285538462,0.0124453366918696,-0.0921522666634332,0.162654109908248,0.0449558163788044,-0.020230595010994,0.066201582606315,-0.0482190416493072,0.0358540696848788,-0.197206406023453,-0.0301228674208333,0.158247708721454,-0.0715690462426214,-0.108725558999534,0.0691999430491684,-0.303634401326838,-0.0692506527673976,-0.0313161311098377,0.118763913813259,-0.0200791650029304,0.0762066750427695,-0.00738533720242251,-0.0106181271425847,0.0353222202496759,0.0592520587757661,0.0242927131695374,0.153902718773716,-0.114872112444315,-0.224275643836069,0.038377860171739,-0.108255048294725,0.0552931406393991,0.0330864371961449,0.00670064285267165,0.165242650371074,-0.0166694638663166,0.0534173879515689,0.0550055019981975,0.0440149112489597,-0.0207962740844836,-0.00346847392797122,-0.0271714175537892,-0.0671744304275022,-0.0289737180592524,0.0558606213930351,0.0289029910331446,0.00292644382444492,-0.0287793016636165,0.0628406274981362,-0.0367342836724935,-0.0741341998304589,0.0260260068375485,0.0962686623771542,0.085315078055217,0.0510738189877358,-0.128445034292052,0.0365842594814021,0.0366796228424968,-0.0323438810493199,-0.0411861278246238,-0.033740441155888,-0.0466405578166977,0.034292189080749,-0.0535467916783771,0.0166379665886506,0.0555462027717802,0.0245268025797808,-0.00637578616179226,-0.0248072934432125,0.0272841371495523,0.0258366186674561,0.0289632558561096,-0.0323471316426507,-0.00429729672875312,-0.00909226106964096,-0.0147609291671437,0.0138083257558785,0.00764576422055159,0.00504682916824724,-0.000885548605097898,0.00405347919290725,0.450350012963443
-0.401420532382692,0.0152863698824721,-0.093070629598651,0.461244163096354,-0.343518876405396,-0.190435864967306,-0.239114479626919,0.00266679215427339,-0.010619066623263,0.0504500153630759,0.0553320329222822,0.202636022390737,-0.0206727351866592,-0.0534016851828962,-0.114632160934018,0.0868190976841368,-0.0554129484500396,-0.000627455823560904,0.11184258268953,-0.011791723955009,-0.251053939016759,0.0144766609197116,0.184293252217668,-0.10883079178429,-0.0754324072621628,0.0063444395997756,0.112202353763271,-0.107761692568721,0.125540534096315,-0.0701862572897964,0.0272606304229546,0.13776664471639,0.0658048011811778,-0.11642478191362,0.164468975020695,0.210877645610038,-0.106769216459083,-0.165781560886973,-0.0538802304558408,-0.409365068825958,-0.146838260399592,0.115610717534978,-0.145287690438961,0.000513552140665623,0.17071303298474,-0.0710181876269964,-0.136134740242474,-0.285953516168758,-0.0222491244954263,0.428577671256838,0.284899507232718,-0.0817238918911373,0.13121516587534,-0.109591518623888,0.169189381096835,0.0399012303723532,-0.0310336383640139,-0.237003987312054,0.0903668594995216,0.144123561597928,0.204195550760652,-0.256236630017876,0.00614729816222701,-0.190952770492033,0.0529177359198877,0.0084245265454519,-0.17556121636987,0.124361537691995,-0.32300631716703,-0.111242836387857,-0.0443116759389737,-0.0665642681788027,0.0123274401595967,-0.0403039876112284,-0.0160095121345813,-0.120205431315589,-0.315921357508312,0.011057583727459,-0.0836835211115898,0.0488246000596642,-0.0119906123651178,-0.028018909319575,0.121380194549799,0.129170709513106,0.0536221065910756,-0.124290829509664,0.126292727391075,0.10088119633692,0.0201592475340085,0.0384355789376858,0.00312590891112283,0.111839954955429,-0.0611011145523683,-0.0057890192000259,-0.161464219338805,0.123332329734534,-0.0443851469750405,0.0173074730814926,0.00763789447912099,0.0714364487166704,-0.0376882710785589,0.107025427150369,-0.0873830898257669,0.0107970436946302,0.0470264401954021,-0.0422862074234784,-0.0196792916443605,-0.0624750885092384,0.0989354028795261,0.0167024871826694,0.0583924983941758,-0.0749487752001845,0.0391116616968407,-0.0680966995696315,-0.0980950925174667,0.0452982589085171,0.0204967064653631,-0.0724297770815565,0.0362322706359856,0.0236296569685342,-0.0158726908323027,-0.0146569737771382,-0.0237384123170975,-0.00730412590369819,-0.00951986494713471,-0.0158154322452245,-0.00593537536876495,0.00196936346746331,0.00198827300839949,-0.00367210126722338,0.000508508455747468,0.00238693753133648,0.0020754747283744,-0.00334877468730526,0.001422711780796,0.268861809696656
-0.375716644635845,-0.102661896609408,0.445202723202258,0.384316144389588,-0.34520619411322,0.281087377667615,-0.0901890672591853,0.184609664219319,-0.0474749918282851,-0.154894482547026,-0.0832309096559436,0.0768018167389891,-0.00328333605138814,0.0124624519405659,-0.128100427906499,-0.187399674926758,0.272730749101359,-0.128404020351179,-0.00363153528523918,-0.147279152655184,-0.25105421991331,-0.0319800116790965,-0.0694900677667848,-0.107065526017547,-0.100254014710808,0.121402735448743,0.26805051385512,0.0451933495173365,0.018510615129177,-0.0530865551618082,0.111900617978366,-0.0187588573704469,0.0484229187101947,0.0381071394927072,-0.0202044701705545,-0.0433023002041871,-0.342110207991639,-0.159700240903613,0.0363167525633853,-0.319256531578385,-0.0674591729831856,-0.0727325904346415,-0.0282843207045536,0.306812235821104,-0.0258772956095368,-0.314446443199435,-0.111401420752759,-0.13189868062813,-0.162836648687831,0.221234452420759,-0.050385344020625,-0.28745161531842,0.0199849978305138,-0.0765716665890871,0.123294510799311,-0.220466305594374,-0.223494205803241,-0.252167406304554,-0.187615043646006,-0.0847680845970943,0.409189754524019,-0.180857896910402,-0.161598863203444,0.0933949668007837,-0.0701281194615577,0.0311590121156363,-0.000595747578186378,-0.142597807493613,-0.221385249360907,-0.126001762821893,0.0575322411684871,0.0648022968603582,0.0133297580629371,-0.190410923439161,-0.0440349164244221,-0.149844372320789,-0.073773742791959,-0.0658858002451038,0.33823483788038,0.159906166455711,0.0404706344998194,0.01971158247158,0.1001760070191,0.0842226799128953,0.0580884773840969,0.0226056190363489,0.0257688023121516,0.122155272447588,-0.0559632115337422,-0.0304495053563949,-0.12240398979898,0.0160366353232396,-0.140584525315159,-0.161724495712668,0.246084651991303,-0.00936922685595105,0.0366955583801369,0.059386706642767,0.101105170892055,-0.0281858935899488,-0.0431013142475798,-0.104922798397744,0.112344850127911,0.00111752360021836,-0.0721537235143882,0.053422589774488,-0.0222358001325978,0.0253845450538696,0.0402313563210439,-0.0329089541381847,-0.0522795088619168,0.0602430993835526,0.0242865690892937,0.021162478049784,0.0661731878003938,-0.0215967745584457,-0.0255527262439251,0.0483725773640882,-0.0246086231558315,0.00324081248487269,0.00102875091161514,-0.00413818368948056,0.0118692636943609,-0.00174548061951287,0.0137998231908827,0.0140237835835044,-0.000660306312179852,0.0034512644640087,-0.0011583549333956,0.00173926832094745,0.00154956392178066,0.0024508603397465,-0.000897206484839875,0.000698464621741849,0.00040112695158286,0.585169821104485
-0.0500109741372465,-0.422194664486069,0.0718100431779811,-0.0881045485705225,-0.439147587053926,0.0109445891706881,0.361551100044345,-0.322728937663019,-0.174787070679128,-0.00969392970199322,0.0487822212142445,0.840084648002699,0.165413833486493,-0.149694359577592,-0.271114066546471,-0.401375254340671,0.999596770583237,-0.108752760354002,-0.151615199217811,-0.657769526273749,-0.011432326776122,-1.53385094945906,-0.434758956457445,0.235520275421522,-1.25572344419712,-0.914978450562721,1.16161041103992,0.31138412144873,0.217380257462287,0.216027766039757,-0.0032488939225198,-0.230418702020974,0.269419418808009,-0.162992319446589,0.260910511642116,0.498203789670036,-0.175875129371341,-0.0377826113764948,-0.0500440969908295,0.146532742165338,-0.0361056115741827,-0.0957121414020615,0.122930841138631,-0.131933690226139,-0.114495147428006,0.207369991560132,0.0611491148800928,0.108378267103788,0.0535412438832511,-0.173633568374611,-0.187023193170421,-0.0155259609875223,0.0937322307125907,0.167045641983135,-0.115982606928823,0.125931804695753,0.00989417503091269,-0.0211010896478624,0.0471041639212115,-0.145106410705673,0.0348159247508991,0.0470308974619823,0.0980197153372312,-0.121740530037203,0.0225921145607878,-0.0540390040327236,0.0288254064464708,-0.0303322991833149,0.0418935951546492,0.0287323447771449,-0.00251248391460502,0.0588218818657376,0.013347910116494,-0.018302280853884,0.0112447727934817,0.00862228583360828,-0.0253730060514902,0.0422385384908734,-0.0161301475913136,0.00286088128945583,-0.00447852278511951,0.0111124215962904,0.013735886346579,0.052467089358517,0.00922645020391295,-0.000163971682409841,0.011437936265839,0.000249236089058173,0.0295934804413935,0.0141494307486186,0.0203267284353963,0.00693906929811594,-0.0247451217984436,0.0219798751458221,-0.0323839278104703,-0.000833868290827837,0.00112041926273186,-0.000516949193576213,-0.0110380129298619,-0.00254614720067498,0.0190773807161689,0.00848385151352004,-0.00498263937890313,-0.00191987879683126,-0.00123625770904876,0.00401276998747546,0.00384710533066516,0.000170694542758205,-0.00043499944298344,0.000726026400022212,0.00406945037480204,-0.0114997954984942,-0.00621422026876654,0.00329354685685544,0.000265008402183762,-0.00055666416581556,-0.000242017535432238,-0.00177331668164695,0.000971650565028618,0.000247182455844621,0.000227268095467945,-0.000505856431249183,1.54150673879239e-05,-0.00156548544633341,-0.000112389472604618,4.58406287685265e-05,-0.000199040320185198,0.000404295839926865,0.000364413816623591,-9.02752382959462e-05,-0.000189948799325714,-0.00015521236424914,-3.02494809188912e-05,-0.00025388007048913,1.17025216603342e-05,0.362198599948146
0.322117522627236,-1.30006270019329,1.33256707781374,-1.11545805750848,0.462764735317864,-0.2031873418398,-0.177559236342129,-0.203231741478382,0.0341247992400002,-0.124025287652537,-0.382217295274825,0.912304517443165,-0.224304682877193,1.12021231832508,-0.0213220237657787,1.52330512708852,-0.946799407856959,0.0767199044403863,-1.06097628990985,0.574752215061831,-0.609997406850308,0.318069405337145,0.183993623034883,0.487773751363829,-0.448978356975372,-0.201364871184071,0.469022047888459,0.150604592419055,-0.920109403187994,-0.360818467911989,-0.00240985120278541,-0.237569877068894,-0.256436297432463,0.0444172847809853,-0.0858822790950737,-0.280831222442701,-0.455079417374577,-0.401903049690558,-0.210305126732228,0.236775950969166,-0.181323167253189,0.0118615150322546,0.249844017595683,0.03948156065221,0.172251987251926,0.233469721198264,0.0352577537263367,-0.0693677579453638,-0.000289153919184887,0.0398431105962801,-0.00982264930730157,-0.0837078384474918,0.124441417923128,0.135130098903134,0.129490305437492,0.0894350884712728,-0.208526969008347,-0.0093311852201348,-0.0132186718530591,-0.00525586844113216,-0.0270414487696143,0.00501677740598689,0.0635011844011789,-0.0359610493142923,0.00339400568155114,-0.0776468461577794,0.0216846100063094,0.0603830920999558,0.0600938746746799,0.0118135961160851,0.0290725717232235,-0.0207753729719588,0.0220748619839187,-0.000707565557077915,0.0180235414870793,-0.0464458640577986,0.0325595635070832,-0.0316192831131658,-0.024875756599575,0.0655512841308124,-0.0580865602848697,0.00837037748124243,-0.00500750769386557,-0.0237665175998183,0.00992211093719317,-0.0173888321095606,-0.00634816285858082,0.00932095912807699,0.00665395998736858,-0.0211967386966956,-0.0189120756746995,0.0115396060617445,-0.0033159766118475,-0.000315930264635286,0.00114914548669349,-0.00336080299770673,0.00817343937145843,-0.0263236123503969,-0.0016839023320732,-0.0178047567446255,-0.000226125324208446,0.00929883026176904,-0.00165992557550894,0.0142892326748654,-0.0065857495788333,0.000420501494667477,0.00405243208250901,0.0119380298515743,-0.000171362436738141,0.000793348656331092,-0.00237373135265649,0.00251587387943685,-0.000154091438925853,0.00291700078890887,-0.00133347076566816,0.000495468052806596,-0.00150647825573624,-0.000619669848009549,0.00411177766525178,0.00126219184736112,0.00098430676150538,0.00107036077406693,-0.00144907109534871,0.000341098601808995,-0.00309941633448567,0.000832435175464189,0.000813563729706461,-0.00110122059459112,-0.000345646313493297,0.000210799315976654,-0.000357780544785474,-2.06640225824189e-05,-0.000265891560321552,0.000146256112618985,3.70711173205107e-08,0.53850142597874
-0.290567046543361,-0.255420991573241,-0.409536612135299,-0.393582428843254,-0.0182313316069174,-0.0802300274467306,-0.126483259630703,-0.216959391502476,-0.0999588879657481,-0.03637716524367,-0.0152893922830704,0.344219622269746,0.243929814807775,-0.0972877129854833,-0.41856834684846,0.196569161546191,-0.0236825172209526,0.193793358219426,0.0128021003186141,0.0410304394629471,0.289297790732628,0.0864035817378753,-0.158155202093684,-0.12610593488524,0.107838339559996,-0.0708965421830396,-0.15234268234609,0.364017065744079,-0.156389510326004,-0.163393967130113,0.150683607481131,-0.240505127463975,-0.035386920472492,-0.189440164988469,-0.0946057140791082,-0.0531104285914776,0.150282437535248,-0.11952353970464,0.0834260929769251,-0.0589331199285081,0.389461318104699,0.17548930333425,-0.416813138176831,-0.0379478343798306,0.249332435572997,-0.00632922289626704,-0.24182444620637,-0.0950938271087769,0.141759262722269,-0.27045809163497,0.0310856575201047,0.252122197310563,-0.0587736495393203,0.0278726964023796,-0.128857264003897,0.28264597859067,-0.107386071460463,-0.177990614287375,-0.0600655046062338,0.107666263842119,0.122386442310017,-0.386274504075923,-0.196889349900338,-0.0483752975388573,0.248350641396762,-0.088109238322978,0.0211370806387382,0.243285086094971,-0.0468535507985257,0.231328933729763,-0.0517431599261551,0.287574482894871,-0.214460062710873,0.107953550441133,-0.00238686981584961,0.144596556987778,-0.127447095909735,0.137431664678022,0.224687415238054,-0.126513965960332,0.0157115226963413,0.120701506312698,-0.090028132084229,0.0326257288460406,0.010730529803786,0.0853632480559773,-0.0257922536463249,-0.135238393192744,0.284209304048872,0.274456313727444,-0.0777933246448958,0.0431025934205709,0.00746950993147179,0.0152127141105506,0.046736855804851,-0.0590998460423667,0.107394174016192,-0.0789089151750408,0.0546482516467831,0.0416463343704707,0.042663357262196,-0.0720292586045015,-0.0226726408452286,0.0463987587395972,-0.0116321126902021,0.0090604868959751,-0.0444339709034659,0.0556453392227713,0.0116766645062194,0.0106565376927875,0.0667772963487904,0.0496425848127064,0.0458952038697459,-0.000568195294933711,-0.00935390560426853,-0.0107416414055547,0.0025897528204113,0.00869385618587419,0.000231576485278164,-0.0107239542349369,-0.000116631910589152,0.00353981179818427,-0.00535956648034041,-0.00324424791625624,-0.00407143947852679,-0.0029325687302932,0.000803386890447583,-0.000158012688772346,-0.00153984559503195,0.00076151233890764,0.000736935127626611,-0.000430561227902442,-0.000181156836817419,-0.000377848484763284,-8.28590350792989e-05,0.331086336530983
-0.651865949256393,0.203138267306805,0.292026390750669,-0.212458099285603,0.174638233833317,0.152320339527461,0.362393928838462,0.317482824569338,-0.0298507845864912,-0.0170169059406362,0.461584153993192,-0.32158987017334,0.26970126098024,0.291655052576372,-0.170839606729047,0.0715018887870784,0.0198756418786985,-0.195436557358518,-0.00336539389857095,0.0233743105232517,0.152557241428612,0.0754299721777416,-0.297616920491001,0.632760641360828,-0.103807381593023,-0.286921123645329,-0.423932551790341,-0.435316319359026,-0.275662407925259,0.911042958814147,0.240525149810441,0.668956323984731,-0.392836626882871,0.290325229976865,0.181269372398353,0.272794935716522,0.275765636377332,-0.127201511320143,0.66442420829204,0.083814258679567,0.201703032880387,0.194386567639205,0.191209591430691,0.451515388098709,0.0809662315688076,0.143152268277938,0.140244697237967,-0.14800698928935,-0.313811547565595,-0.179912235090008,0.325980486818982,-0.333253370096113,0.275303352446149,0.0218373026453612,-0.198769166260809,0.336349021321533,-0.28334632825336,-0.143360731245558,-0.119897954080965,-0.0126997508778193,0.0786543395210851,-0.0652784188314566,0.13266567687874,0.0625649299486812,0.0334222396904798,-0.0519223978389688,0.105085502045764,-0.00331510411219997,-0.0375775846307519,0.111855880295312,-0.0179046852364275,-0.0143694232033793,0.353524813109283,0.0792280392395694,-0.0280579488174985,0.143662301653435,-0.0978388804194723,0.14459234418014,-0.0363028834027736,0.0425019208619165,0.108595473767008,0.0163863471422058,0.0114008838260153,0.0293941347927743,-0.165721020760499,-0.00891347734276654,-0.053526848975477,0.00941584438394028,0.00485858568488829,-0.0340087716256133,0.00921585742280851,0.000677350330086031,-0.0459247862204839,0.088737162290722,-0.0191734538532138,-0.00586766540722792,-0.0222265978891692,0.0495625271553747,0.0714785762829855,0.00486525457021295,0.0602540132279377,0.0353138547600212,0.0237256322529114,-0.0202370198188028,-0.0153857392786654,-0.0235769851516497,0.00442201639922188,0.00209334548173901,0.00964265169303772,-0.01108999667467,-0.0223723291692391,0.0439651982045352,-0.0121469709325713,-0.0409121518349241,0.0103919435042489,-0.00897942811244043,0.000442216134803162,0.0179338704656238,0.00595946615497052,-0.0112565444634278,0.000757784821139973,-5.54860421447777e-05,-0.0116827602987077,0.0040052602650308,-0.00655301370969134,-0.00161395984895538,0.00164154160343529,-0.000264244997862419,-0.00158707202997045,-0.000531809099237155,-0.000954309145858022,-0.000221080289853194,0.000279759165945224,0.000447408106431682,-0.000210648954133895,0.792584910552243
2.04463259096347,-0.571140339563184,-0.658201619405254,1.01122965670142,-0.146832163275206,0.0375330313686892,-0.0457003850937391,0.44739450222111,-0.0617032888996319,-0.0231088167134701,0.408830320673353,-0.456686404999143,-0.396056189756098,-0.0830768666749451,0.288123995252832,0.105618298740416,0.0125383706703512,0.255932275891472,-0.364978771148433,0.0618906840960952,-0.0511101134403512,0.709218283148444,0.257299432395822,0.17625848358424,0.0787337244168932,-0.571778262193624,0.263583081537586,-0.187101883710966,0.514323259750916,0.40899743982439,-0.727767041597638,-0.669323599567621,0.087410546906027,-0.39904126905769,0.0522889752887463,0.179026105850263,0.0292844217802605,-0.765192213792714,0.242696062198661,0.154633460051659,0.510643313171327,-0.361417621118949,-0.0325309079272612,-0.438939653538216,0.309428708920493,-0.165107119409723,0.105949550894885,-0.236335076696767,-0.0461966472075098,0.110777703337868,0.285301412801374,-0.184137998008386,-0.215181338090155,-0.0197602046363674,-0.175853607701776,-0.14802317689397,-0.134127588693246,-0.0526535828250948,-0.0167649030809955,-0.348910916651557,-0.0344781966605449,0.256701044962116,-0.197202526446364,-0.0157526742387427,0.0862063979007762,0.284703356805413,0.127090855363082,0.0566625076931183,-0.123966236296296,0.0558348177766671,-0.0947942357983544,0.0797801232083631,0.0772605481364663,0.154652463641302,-0.0236557269569236,0.0348178269354844,0.0255827347851058,-0.0524108058798997,0.0107346754579935,0.0587109986585648,-0.0696066435669226,-0.000295798525441572,-0.0385852280676563,0.00868817215133665,-0.00356057001517922,-0.0643397052989842,-0.0600422189899591,-0.0482819757804451,0.0245243873611043,-0.0251606625662314,0.00202526791554272,0.0248016637697242,0.0259844111789293,-0.00140036080210137,0.0130470108415575,0.0683114755820707,0.00552860240319974,-0.0625262260048713,-0.041299264507007,-0.0181555496158659,-0.006892341854303,-0.000357860811151312,0.0277781870100798,-0.0208862022672063,0.0191867105326639,0.029559486881998,0.000243653937936461,-0.029398716654036,0.00322636984745166,-0.00498209050779664,-0.00610919834744972,0.00185981141479805,-0.00150954505185304,0.0108970665206746,0.0162513044818125,0.00890390614754703,-0.00616436796320122,5.64937541481582e-05,0.00761510791898156,0.000637604860844938,0.000217523844629006,-0.00358111303265745,-0.00216005260073418,-0.000248788941263773,0.00416919006756382,-0.000148407637132066,0.000247823663967715,-0.00142825992366837,-0.000340522509246239,-0.00039862491536655,0.000639059042206021,-0.00101518977313679,-1.62509663357783e-06,-0.000270943930576484,-0.000133979537583441,0.740731138190303
0.163963982551815,-0.102952379219366,-0.0978717651881069,0.516906821652018,-0.26766857666569,-0.0263956382833342,-0.0211581449956618,6.44055183906871e-05,-0.0920021527947534,-0.0715488113461808,-0.0821289479111997,0.392774304987657,-0.163784502534377,0.229646214440549,-0.2443836839812,-0.267285601846349,0.180522413151359,0.0119413502385418,0.0909803769245404,0.0219743457860399,-0.133710591302025,0.210529644793558,-0.13537699085654,0.0696700050720054,-0.132454285260336,0.225130097449972,0.0892430055276863,-0.14503293508816,-0.105339868345428,0.141885124397847,0.136723759250765,-0.058019198435906,-0.0628384036618649,-0.269481084655593,-0.118872379783265,-0.260036369481323,0.0539978396089663,0.126501515212501,0.0812014848272784,-0.00651450462131841,-0.295085194884393,-0.0675772831098936,0.0686784583575942,-0.254774540176684,-0.0630037267565188,-0.118198572605503,0.154919361604091,-0.045386350213637,0.144327568672282,-0.0787792698743851,0.00863886618668732,-0.0081326495116646,0.15000886106148,0.085976022016556,0.117441020639237,0.266955995342239,0.0313289537301684,0.264175246078157,-0.201047296744446,0.122559252730184,0.1404335275697,0.18895230114529,-0.160675643364778,0.0179220025892448,-0.0675541256871794,0.283607934628027,-0.00648221444237821,0.0675094860751077,-0.0272996192088675,0.208357587170418,-0.154254569148559,-0.146419898063843,-0.0959029335908084,-0.126252790890135,-0.184093908352835,0.151298680905853,0.0903135421009041,-0.173969205381336,0.0753886646463658,-0.003483235219246,0.0404870702759364,0.0111775213851931,0.0432413809177778,-0.00182473138209166,-0.152507924871902,-0.0651735831084093,-0.0280883825861607,-0.0794941328461322,-0.084613853485156,0.0186396230762134,-0.190824800059877,-0.0366368516808977,-0.016612711715519,-0.0671742087963974,-0.0767250354634474,-0.133302930350393,-0.0981528746943225,0.0168956231228485,-0.0781183338365678,0.192794956800088,0.0904891271048907,-0.0240222804588498,0.0600909043721184,-0.0413967714800431,-0.0528453327937553,-0.107824039715175,0.0853109669958774,-0.00722482488082212,0.043145029920056,-0.0296209757005187,0.107808417598852,0.0325657660845473,0.00247913458425365,-0.0595880050531172,0.0247030139429023,0.0348414449874852,-0.0448709258237463,-0.0095981567841379,0.00146719309066014,0.0270340467810503,-0.0818684836907968,0.000308898617510136,0.0158708118932256,-0.0102060291716033,0.00736769427043594,0.0145443075543831,0.00473107772659033,0.0150512517743132,0.00118472605631854,0.0132479985367915,-0.00282501388735703,-0.0048286577726258,0.000792145276875854,-0.007190443689128,0.00447160274465355,0.631838216230231
1.98707627640418,0.171597209606182,-0.941351342971251,-1.82004569565898,-0.0167887452007346,-0.794839446420692,-1.75999398982843,-0.874979061763844,-0.781937941871734,-0.172022121576431,-0.751033048469172,-0.500598205341831,-0.0705483196541704,-0.00887857362879075,-0.309416641853254,-0.578036761065631,1.00420399616308,0.0253513516463882,0.474621303618284,1.15752372103474,0.240766523158033,0.0294053541280826,0.234781568392228,1.13046985598635,-0.82763297960741,0.788191640859534,-0.0574986032494488,-0.309236561975441,0.0203088065552732,-0.0553082656251924,0.230099136798939,-0.356851930337553,-0.242362536810792,0.375083496021234,0.263177818644838,-0.164386126728078,-0.00464935214240266,-0.105045763650491,0.0134063915414499,-0.156465206557637,0.222891238264272,-0.22676169876872,-0.0168820502655065,0.014260508540565,-0.0605666502029348,-0.034712066860903,-0.0452848692378316,-0.020527024798333,0.0877539623352765,0.184509109255232,0.0484158703912462,-0.0271039197960439,-0.00299564880751165,-0.0890621007061255,-0.0687137409933674,-0.108215880894423,-0.0393924732752619,0.0445172588424252,0.00114146570519875,0.0304253787122094,0.00815724595127404,0.00579292910995929,0.00930515404283109,-0.0510584148689128,-0.0108475215822791,-0.00667821407337627,0.0268404576342952,0.10461218589987,0.034342883752971,-0.0347928600126938,0.0173684101239885,0.0118813185588755,-0.0114212882319283,-0.048908472800392,0.0412259558200311,0.0290375425229856,0.00778445441737511,0.0201588127460708,-0.0182775471282407,0.000563643049087084,0.000657239199521931,0.00018601729811078,-0.048555621328701,0.00826090141733058,0.00525487940900098,-0.00107154768554873,0.0202884990723157,-0.0297283128374673,-0.00214488821244368,-0.00432913052211987,0.0422923406677203,-0.0134902286324044,-0.0117987922273282,-0.00286598038581059,0.0101376100363107,0.0103822549421195,-0.0275781519961024,-0.0120840947314692,0.0188414676679117,-0.0253168462793444,-0.00655946476085288,0.00173868166104883,-0.0176781509840584,-0.00643518515747792,-0.00956916522238299,0.00192429636227554,0.00632299275514213,-0.0080216575768838,0.00258631866905,0.00904139112664012,-0.00246348631628365,0.00141587985826189,-0.0113579752409433,0.00904997962980564,-0.000602405249095776,-0.00113855343731143,-0.000283414225584923,-0.00377502584993736,0.000195271885987084,-0.00262615463599732,0.00464707654958523,-0.00216759785541189,-3.62057069339727e-06,-0.00132218295450492,-0.00176820452427288,-0.000160318889164335,0.00066112752486612,-0.000317878169526708,-0.000449401659101685,-4.33905818255726e-05,0.000495814627767064,4.69015467978356e-05,0.000319105793480298,-6.4789864734655e-06,-8.04352781407651e-06,0.398496240601504
-0.683484961541562,0.320806862600535,-0.207959689716521,0.628058941397518,0.0220850861611759,0.318764716708341,-0.340548971079665,-0.00497347438174015,0.229734433174559,-0.0100896485006756,0.247698503140638,-0.0834790925493098,0.303025246105456,0.544601024291416,0.221827967557074,0.357853408616524,0.000864409820423017,-0.0090247263993923,-0.211885048882793,0.0268512191453937,0.0391654506679397,0.298486261643025,-0.0658756291830661,0.254709888906125,-0.231326187422001,0.0928791756406632,0.154338493282999,-0.0951104013424067,0.739737170462685,0.0756516884591435,0.513537369369738,0.20301097814886,-0.249317241022036,0.0171388880122505,-0.22445200521539,0.0713312095990609,0.196760572981927,-0.0899411294941926,0.278311350651412,0.226564614122207,-0.124919109758806,0.341991965064816,0.175607345796065,0.125336732513702,-0.36397391542628,0.10228726232571,0.126500126708127,-0.300583749542219,0.0326806897838556,0.228671521369261,0.0192716587171679,0.0473531320291624,-0.0125964105942954,-0.198578333039849,-0.0925243291626521,0.208117383638687,-0.000729337389478064,0.475128631186686,0.152162591006276,-0.488735454227459,-0.0109719363712744,0.0436433277539941,-0.0734040502032567,0.119891314165958,0.295642179248351,-0.153824378590812,-0.232324372191688,-0.0414298778866613,-0.0073240335606223,-0.162128346953344,-0.042669774235287,0.237297802352532,-0.38842079613962,-0.0147349127603871,0.217579546647575,-0.0475650056239591,-0.0496589212353972,-0.0677015726281108,0.093495858457645,-0.0875052515929802,0.0984836257749472,0.0954101441654563,0.0344457763667266,-0.124273186036738,0.0919333690531372,0.0386316010249087,0.226658754916963,0.03099743037539,-0.095991763823704,-0.0327085878804673,0.00137260112095686,0.0561982317004015,-0.00824954300518892,0.0575615268853315,0.00238840269004825,-0.0319703703797889,0.0589575206881237,-0.0579827438897182,-0.0267445157829532,-0.032479805732271,0.0216488753389077,-0.0387239325539281,0.0731574592847299,0.0125831811994095,0.0299583284707743,-0.0211046784919135,0.0110819598541038,0.0137494369281995,0.00524864773556665,-0.0444295863324878,0.00269542368721416,-0.0188421493136746,-0.036399352250456,-0.00508398189088542,-0.00249569692824426,0.0322325069349759,-0.00726926586220804,-0.0262001137107057,-0.0208927563228723,0.00816064538637838,0.000999939246835544,-0.00460862182238255,-0.00763709566228205,0.00367093004503679,-0.0022766687560503,-0.00725968407148589,0.00691179274381847,0.00395003776591368,-0.00215689889834533,-0.000310039776055152,-0.0018743401739865,0.000983683679351404,-0.000187899965473596,2.66034478763752e-05,-0.000339413405073903,0.113300492610837
-0.601753279381049,0.540672025390496,-0.25992843415667,0.41081347608158,-0.198322935837049,-0.178916540626322,0.171854606549748,0.215905908184617,0.266778963835394,0.0916277175777711,0.235529175918281,0.117082736677171,0.282201930679737,0.214678089463121,-0.177889455309192,0.0619411601519088,0.0700300771044967,-0.0262845784514212,0.0406611534280603,0.160204115982126,0.170113802895998,-0.0294626834072079,0.00465921561159576,0.0238948063729678,0.0357822801546753,-0.107856953453729,0.0173269508777952,0.0797878589250121,-0.144226995860157,0.0422268043743745,0.0466809426810599,-0.0988272634204786,-0.307023873070547,-0.0478760670801579,0.0327412582665015,-0.0379080425092785,0.0978108645945877,0.0651626890942545,0.103187664841306,0.0759586629678919,-0.0312767314683237,-0.191129508739821,0.125055905746136,-0.177582661817976,-0.18189709588299,-0.130585736785129,-0.0369084061645748,0.0789296930168337,0.157187811359947,0.00537233214792158,0.115761435658925,0.00651208156239357,-0.00759510515686472,-0.0597375127362937,0.0739783508647106,-0.00652586064519885,0.0861469145494513,0.0672645280641487,0.0238200860516358,0.125567037711792,0.00505938743962248,-0.0422382936385785,0.153587602534054,0.0455361855044358,-0.0822834269734454,-0.138548895360853,-0.0333183996197439,0.224214384968893,-0.0745091283798169,-0.138186934248152,-0.244098951838134,0.0635534052579715,0.237049710478366,-0.194139918195427,-0.0279009349400881,0.370642521307452,-0.135206767358817,0.0852626722549207,-0.0887445345135178,0.145749284256253,-0.204893497270523,-0.139896295745355,-0.0365706025979107,0.00561065102850156,0.147762690252426,-0.173589308898203,0.162947228258383,0.228351585443474,0.0358343266984593,0.072140897066622,0.0819172245130168,-0.0341018100162067,0.320299876831216,-0.0530178686469989,0.116259397179908,-0.0780548226725411,0.0422358955581452,-0.0679228463011139,-0.00809910486206704,0.1731224220405,-0.101868410255997,-0.0439940226264766,0.10708245513314,0.0281038089299295,0.0394954859915598,-0.0156460505149201,-0.0352595222813723,0.028841547076647,-0.0155650190156674,-0.0400108530882874,-0.0214631476952036,-0.0110735705689189,-0.0144497886813127,0.0783962115390078,0.0412477097157638,0.026143013532203,0.0122092010447509,-0.00874036822992604,0.0284496829915583,-0.0207308075133371,0.0152719456378775,-0.00271167270897803,0.00688835041315198,1.27428764582259e-05,-0.0101428407191487,0.012758702767335,0.000465230669135648,0.00430852767811539,0.00584936444952211,0.000775211824147375,-0.0020002883848769,0.000679278347183554,0.000694595100316767,-9.94603036985625e-05,-0.000333971404856017,0.362198599948146
-0.663000758386483,0.250055145365023,-0.358370622619948,0.529191199784785,-0.341213828104648,0.199027487495811,-0.304403281581431,0.102494752403183,0.183598501299118,0.0129513586448662,-0.0168083400078748,0.1175661714772,0.18407710967867,0.089910905970342,0.00882528098539615,-0.0136207399564126,-0.0240043494015201,0.0201266656266631,0.124019547944176,-0.0569110439267084,-0.0908026411658563,0.0657112022980233,-0.000909064429619049,-0.0972582908997612,-0.0555748710276661,0.127174828548136,0.182849392656571,-0.00433232700869234,-0.0418930940862693,-0.0506191999621832,-0.0122810500116961,-0.00211107723917708,0.0136210341068256,0.0930277781421974,0.0374802337922426,-0.206696707688735,-0.0556031265324846,-0.15749750466351,0.0452258775008894,0.099967546195627,0.0690321428273676,-0.0261354567222709,-0.0113309861079478,-0.0858298881366896,-0.0483110680598721,0.0457490113941617,0.0471403980182125,0.00829609813512913,0.0485660245923558,0.116998986692386,-0.0325617717972526,-0.0391920549690045,0.0312183285352619,0.0963933729371057,-0.0483542371393714,-0.0239704249450197,0.0579002612047967,0.0312065718592175,-0.0493094362555131,0.158736077061333,0.243476175503619,-0.182458123524232,-0.0459579861632347,0.0305414030052404,0.0221086556571149,-0.115484222593377,-0.0694883299343982,-0.0320483212010926,0.114452008036802,0.194606830700077,-0.0789283852150527,0.0262637725364704,0.108579399190459,0.0506091617738658,-0.0189287071652256,-0.0948202155801159,0.169991494553014,-0.11103173079791,0.0740870102813998,-0.273811537235869,0.0348849187116063,-0.297188049172997,0.232813844365056,0.113306633789131,-0.162830226376937,-0.0597249568045939,-0.0960226803000706,-0.211215329384707,-0.0885086734919257,-0.149971530694552,0.461152094084218,0.117024428717402,0.0357253446302758,-0.0635456592080288,0.143779063747188,0.01890275994943,0.260323030952802,-0.0560126254100556,0.0447635555899371,0.0559329101882411,0.0438867072120566,0.0213365626373095,-0.00512572754101593,0.0603850448843212,0.0438956341088796,-0.0424102937105307,0.0279068503783463,-0.0414612989210904,0.0144248704746824,-0.015614584396771,0.00656959550717227,-0.000639850450952549,-0.00331749343483293,-0.0119123940314651,-0.0161500347575424,0.00400457919465772,-0.0231934230780708,-0.0124687251147206,0.00380384028957352,-0.00559680331903274,-0.00418904973106912,0.00683912895481598,0.00189686280495776,0.00670682826836004,-0.00148585636564316,0.00250854541191249,0.00097558846811854,0.000530437953297285,0.00036682529712124,-0.0013612098288506,-0.000256396876318098,-0.000402093045335168,0.000309446175602842,-0.000741305663214007,2.61776665464707e-05,0.0614467202488982
2.34127783084634,-0.460896885984858,-0.534525474460529,0.200302242235355,1.70412823525993,-0.17965988648086,0.122514143276434,1.79097744789161,1.61850913791616,0.554239467192762,-0.446555258449665,1.18478422382557,-1.61153590695243,-0.172211185298209,0.671761271957021,0.67324423122356,0.914765059738957,-0.469217765740262,0.580638302532825,-0.151708790831241,0.860272072439762,-0.265271751156047,0.1526653009551,-0.143867388568778,-0.0899929659105911,0.590761310697537,-0.0771541658481356,0.354260646662972,-0.165931635292305,0.0529133403135301,0.147477623380046,-0.0263345821748285,0.179786044407314,0.209800191461482,-0.286956494428329,0.0484952972629384,0.0987123118417631,-0.122648546492145,0.0964357811081724,-0.00162214647814448,0.0388297750261341,-0.0196582853765719,-0.00302947276478811,0.0543847234077602,-0.0736579953517787,0.107052553953428,-0.0236948920303388,-0.104773219224954,-0.0672187921193672,0.0521248705249733,0.104235070191361,-0.0773659245842327,0.0392922704585966,-0.00934581930598133,-0.00739484681864121,0.0681526071104118,-0.0561229085047262,-0.0148353454190032,0.010756859942085,0.0290836016803274,-0.0039510551682681,-0.00148971530105824,-0.0230369936895262,-0.0296897504657647,0.0402632060620284,0.00556781425714763,-0.0300855013834137,0.000970721686180026,0.0138230194789433,0.0275247885208702,0.0365069299712334,0.00851882233250364,0.0214982843856748,-0.024048794413341,-0.0120884776734115,-0.0125152256033384,-0.00661163719847029,0.0310061877528146,-0.03351656616359,-0.0118293055696249,0.0123129224248719,-0.00845195049437117,0.0207753212758868,-0.0206624016637727,0.0131781623079136,0.0025426439340152,0.0126175102043667,0.00610235053705223,0.00477716455136117,-0.00200383549224789,0.00152904870407325,0.0213575852112436,0.0128523860999849,-0.00320057961802903,-0.00294136561933093,-0.0120787152177828,-0.000687434078893231,0.0151807629784018,0.00908512024972329,-0.00538663689994784,-0.00365386989652448,0.00239417697892068,0.00193647590969668,0.00256902487366584,0.000169865277816669,0.00172152508033342,0.00460980805605923,0.00332820507462239,-0.00337889995033425,-0.000909754408143263,-0.000184808617837614,5.18411168206961e-05,-0.00449424658244829,0.00135814261716883,-0.00308889145979707,-0.00361331515219075,0.00324881733805168,0.00401532744565274,-0.00237437881549138,0.00262440231455634,6.98531329835644e-05,0.000199179723724472,0.00107766697064205,-0.000313616050100168,-0.00134198812756326,-0.000113902945025334,-0.000345649666309169,0.000269046376629514,0.000314165280157386,-8.66326358151549e-06,0.000149618084704845,0.000240652732384682,-3.99056098309846e-05,-1.97451640162459e-05,-7.28688100882989e-05,0.445164635727249
0.633066757719968,-1.04574894082801,1.34640460213401,-0.311084668831617,-0.21784411376709,0.111144040988029,0.882038717856205,-2.61571818456433,3.10413808289975,1.2640734180453,-0.292383576924702,-0.856896794741122,-0.133764066921679,0.151128730671591,-0.213976281945121,-0.419889719275623,-0.0463750970413411,0.0972916309213541,0.593752979460073,-0.00676240393092819,-0.0954140296200264,0.321979654654505,-0.0629268171250403,0.169615673132345,-0.0176443558545349,-0.138779230968165,0.235502753490383,-0.0712175696496978,-0.0621506306925259,-0.0367288654139009,-0.0400628452637105,-0.0358851054817837,0.0856892633738739,-0.0597053967731849,0.00562069806941046,-0.016376249108858,-0.032443912204248,0.0041868388403734,0.0871524586630642,0.00712176299131983,0.0318790999076648,-0.00782928884906384,-0.0412594171802881,0.0764705279290855,0.0862995516368042,-0.0378990334731094,-0.118833215316838,-0.0060147168339999,-0.0780075127522376,0.00416379173160534,0.0765551567217332,-0.0506407160317076,-0.064839182718481,0.0278489011669311,-0.0126848010410191,0.0391662237229027,0.0132919513313771,0.0193496659962767,0.0166881738075002,-0.0170140577824851,0.0269427689378415,0.00401322538403086,-0.0184574766601132,0.000643405552873203,-0.029436181201826,0.0250675032776208,-0.0201160718190001,0.0162274705068698,0.0218559004569717,0.00457359964063316,-0.00916784202016976,0.000938767617270744,-0.0259780046207607,-0.019520358844944,0.00833675412971356,-0.00801926858281426,0.00831669068318186,0.0162189857224571,-0.0129462924143754,-0.0140071495681221,-0.00260414676943107,-0.00238089090606248,-0.0132283981118773,0.00304588633611467,-0.0089434785929006,0.00735110947037753,0.000106430839577774,0.013844119976729,-0.0131244411173288,0.0156505666415633,0.0016190907960396,0.00342991649983262,-0.00269626131847114,0.00168193151369668,0.00900765579989916,0.00256187012293834,0.00337745110607984,-0.0048056929235497,-0.0111820819160551,0.00527558466141053,-0.0047010339073011,0.00291358578474698,0.00549336313919564,0.00817643820649185,-0.00658734394078069,-0.000332210536780275,0.00136111304720981,0.00188077477647393,0.00192735309767903,-0.00258973281960251,0.00042855256722629,-0.00392514379133215,-0.00364236353198704,-0.00527267405771388,0.000269284745096347,0.000150608304705271,0.00178205659366916,0.00183372749116541,-0.000863427445163491,0.000680886347488726,-0.000259497390347786,0.00125692941997294,-0.000325059164496484,-0.000628772031974837,-0.000358224971497872,0.000344445891513,9.48387807899241e-05,0.000167180056288615,4.35191844265335e-05,-2.25330724397303e-05,8.5951580443224e-05,-6.25054880532432e-05,4.48954085946323e-05,2.81807072842607e-05,7.91553195606391e-06,0.948146227638061
2.13946527193481,-0.216475384216081,-0.409984901676844,1.17290469284092,-0.0474308964150777,-0.887739867669408,-0.13895315984975,-0.591403701651335,-0.485374739125949,0.149845085414265,0.203512566847898,-0.508127922779981,-0.128087170382107,-0.361400013730748,0.0321718237566245,0.285866495238823,0.260984891326756,0.280583519122067,-0.406228913353348,0.217912244474153,0.172109886440797,-0.0277770076234771,1.13620512547914,-0.117481508042529,0.0352444411857793,-0.342696131372609,0.512385229241269,0.577581859555626,-0.233519014716267,-0.320714484741752,-0.0566993896392533,1.1911267939347,0.251199324135751,0.307838667314138,0.403058748038234,-0.0157393316035646,0.218794587679264,-0.0839482344895682,0.402044037624594,-0.205922670372301,-0.427498157638046,0.323144639251526,-0.152598619658368,0.0310985825274099,-0.117827801135438,-0.125921098112916,0.0317859929020258,-0.18177805513713,-0.126543563755789,0.173896950053157,0.0263246209810325,0.119913589718133,0.133893145244196,0.371934303640638,0.0788919885413323,-0.160337441953214,0.289981398701827,-0.0597392914411546,-0.0759632451181377,-0.104960748349698,-0.00997026630328837,0.020903861789124,-0.0454022248438099,0.00938819756483551,0.00351103382947657,0.115491657195036,-0.10107483952621,0.0386528344486845,0.117465150221934,0.0178619530849365,-0.0544615455612018,0.0804687118908179,0.025627286335796,0.130075310649637,0.000768171995919153,0.0011445534563785,0.0572280531394928,0.0730298127396776,0.00954411886534438,-0.00962992562241511,-0.14281521768814,-0.0500251302349471,0.00823152115812457,-0.0901138616856333,0.0464800564133708,-0.0457297231481098,-0.0382927129226388,-0.0309382040035732,-0.0142870962500335,0.0557493832081832,-0.00896158318003696,-0.0366119438548222,-0.0106149804491908,0.0315913894253972,0.0317046303339269,-0.0233856748078492,-0.0569848471058978,-0.00592336439774288,0.0561198921179153,0.0327850269902232,0.0266588328603813,-0.0561165609095584,-0.016825114350423,0.00566855661686149,0.0114096179399632,-0.0332364167699205,-0.0050110010276288,0.031960692567037,-0.0127302664463886,0.0067255164100421,0.0114945770362126,0.0398505101414919,-0.0116379514122233,-0.00670114104142532,0.0220921510633851,-0.0289589083202693,-0.00983605687984677,0.0057715240200219,-0.00400787244243839,-0.0173762328811755,-0.00303552664245201,-0.00251185483465446,0.00163777637596426,0.00562827085722393,-0.00438569307731822,-0.00166013498052937,-4.22221747176975e-06,-0.00259921005293329,-0.000364909540275809,0.0028249550060352,-0.00158221558035987,0.00065334698172867,-0.000374773748523894,0.000523809531409875,-0.000273673240300418,0.730360383717916
-0.794458368548704,0.709653289695262,-0.258837342999134,-0.103976844026441,1.13056425117744,0.203984668280992,0.128533679526427,0.160592863130325,0.109248268151484,0.0141665743325619,0.187215394051239,-0.253710553250976,0.192331179884832,0.304431620319564,0.353849622137011,-0.0686112389050425,0.166588070259303,-0.225856893641585,-0.116399152652686,-0.547912922035636,-0.0428523466202018,0.441893330087613,0.271634345717534,0.330633802979511,-0.414498209815248,-0.170550351397088,-0.0217599905180849,-0.0359037681285628,0.639262406893067,-0.236407093412444,0.612150474314468,0.0429084356094112,-0.0526033761220393,-0.0953140959355449,-0.0917548361521426,-0.225763001819417,-0.438791391265629,-0.0189933186698705,-0.358644871938332,0.0154633820763764,-0.0579734515185243,0.436590914969346,0.0185757180549736,0.0426956440133727,-0.03132191301408,-0.327901701817885,-0.201701332598631,-0.254273190339238,-0.181053476056935,0.00864240933525647,0.0799015307633021,0.450120480749397,-0.347735648719785,0.377900455574552,-0.332985038258191,-0.048471109380139,-0.0458815678248522,0.000242934624832355,0.041448265130963,0.0886815013577593,-0.0972321380712685,0.166509624983537,0.370774481071225,0.142327198215476,-0.234347317529161,0.0393241982324234,0.264965352698326,0.328520941280067,-0.0854540906211372,0.164318003996195,0.0779549967979616,-0.0822670889368544,0.0463657185314782,-0.0145791604458102,-0.291643665620353,0.00614022572718342,-0.229029262000738,-0.0759898882203505,0.0522543534847791,-0.0302838938407183,-0.0643394305199067,-0.0514318960638361,0.0339463348670574,0.019583062970935,0.0741579689864761,0.0232550838207392,-0.0802137115411853,-0.0754690849593661,0.0418439905692956,-0.0413266705468537,0.053548412410949,0.0136536018342662,-0.0127795286012843,-0.0431437592584409,0.000139182758952478,-0.0234360193393788,-0.0657088968744894,0.0711270436778892,0.00416655319887779,-0.0746153647315543,0.00127733060349651,-0.000715833751910073,0.00952966124935715,0.010377133914469,0.0189448540984127,0.00305180994368829,0.0335511552285401,0.0232403916983505,0.00320331477245232,-0.0530928493649303,0.00789037231387692,-0.00448828132262826,0.0199819970519944,0.00569780316867602,-0.00412332386827515,0.0123765742084011,0.0128054199318934,0.00132346480835317,-0.0293027155357107,-0.0167091952714512,0.00143564040083718,-0.00264175240122048,-0.00722492641636927,0.00229593231123932,-0.00521846656752404,0.000870342347493054,0.00125887908182123,-0.00508210189531389,0.00237020620961891,-0.000344148177477824,0.000142944367723706,-0.00107442714968788,-0.00100267883576548,-0.000678405696680588,1.52266830362438e-05,0.751101892662691
-0.74387879806177,0.632257602253032,-0.209585797647722,-0.106161141724274,0.906515316794939,0.13421446771452,0.0618500850250905,-0.0187666363720034,-0.0264507591337446,-0.0282212036716325,0.0709314249528269,-0.200611115849546,0.102693399802498,0.0978854971983977,0.274130278298663,0.0640240185802862,0.0887001954695468,-0.10888071321463,-0.0846105939919645,-0.375765441322211,-0.0122976573456425,0.197001939176201,0.0751903453421672,0.214023531697464,-0.19630523417932,-0.0946158657708173,-0.00435835058045391,-0.118984678961581,0.315676864976753,-0.0699801629530384,0.349164610805324,0.0481527110551109,-0.0207569911692978,-0.0313126801138448,-0.0463871781088207,-0.0764148881718752,-0.231372680854163,-0.0295421870420643,-0.0447162999892648,-0.0227201059635016,-0.0213605502850502,0.184356165742549,-0.0271957327641929,0.0315746779163354,0.00309162070645418,-0.0907168014951884,-0.0639219547508647,-0.0573904184393081,0.0281038684671698,0.0721213558330835,-0.0023769949090955,0.109894259829271,-0.121360799564277,0.102096674738512,-0.00544475983639244,-0.0388004243209172,-0.0353932591179357,-0.039983264653159,0.0147119439620184,0.00102447788325135,-0.00800927534926539,0.0461010041731418,-0.0263016536128908,-0.0287358715155594,-0.0380579420533253,0.00860059342944038,-0.0281082362623349,-0.0211418498779381,0.0430435314538649,-0.00395168529349393,0.00962640793012647,-0.00529488830783202,0.0356952127111592,-0.0133728010933453,0.0482536535541234,-0.0145264597722443,0.116080522396314,0.0154258551399885,-0.0387843056632913,-0.00967848675223565,0.036558559404123,0.0697242329700343,-0.0648024303954442,-0.0329180074385435,-0.0594858422078617,-0.0173083460678231,0.00315596138147672,0.0612130068380183,-0.0046544182150039,0.0385190341052664,-0.00881047147311409,-0.00346876535490829,9.72153600698379e-05,0.0151244564289805,-0.00527400010972233,0.0369548408946876,0.0661497966918151,-0.0914799644481469,-0.0101774151499706,0.149705506075066,-0.0227569320980406,0.00646099660778737,-0.0381050174665081,0.00835091690359199,-0.0383689877322476,0.0437166685950885,-0.122295783802594,-0.0411270101830146,-0.0375573608123216,0.168328695741796,-0.0414127721955713,0.0145454355454497,-0.0615920475627379,-0.0650948718952502,0.007666004113456,-0.067165287789737,-0.0378050508879597,0.0435635871585072,0.141504911246577,0.0831367618254116,0.0046297888429149,0.0291637208884193,0.0660304378913903,-0.0157954081356368,0.0291664911465805,0.000473152981049363,-0.0169178567428824,0.0390114747980777,-0.00996067389800917,-0.00141074712869986,0.00134011728648341,0.00965478118314013,0.00883795159199378,0.00442268943624588,0.000646816658016949,0.543686803214934
-0.819114426558547,0.577169386821711,-0.296907385652964,-0.118092477782896,0.317492232290299,-0.19673590859174,0.176834136458683,-0.153156947134566,-0.118419651924053,-0.0720577354077452,-0.191866565371098,0.0179151353513249,-0.00462710294520702,0.114109358907315,0.0617541395153038,-0.061725377421737,-0.0645375666808466,-0.0161014366014654,0.0453960391362321,-0.144110019373776,-0.0459917550373027,-0.0714935188475341,-0.0994122110384422,-0.143781309729315,-0.0336446749266599,0.0444595387576078,0.0572271140035857,0.0233037730161893,0.052401582836385,-0.0118003583921237,-0.123742332347714,0.000906029035890331,0.0641715682756588,0.00311466857725948,0.0502286457714704,-0.0827727860398442,0.014972106184122,-0.153857004626599,0.0534228033914435,-0.0455688459033565,0.115720155087412,-0.00867175262333123,0.0191086064210095,0.0231891051124856,0.0628366803142022,-0.0876582330300051,0.0911567785441931,-0.0373063514966731,-0.0675480848363588,0.0601039084876686,-0.0640066284217793,0.103342789744735,-0.00174377211057151,-0.0724814544148829,-0.0173953935748456,0.233329979646465,0.098673180835634,0.116994208860048,0.0307383364138872,0.0570221179976945,0.00133858413111803,-0.0387884322360532,-0.192426122711653,-0.0284513328865563,0.10213776047986,0.102781049387942,-0.120641281153946,0.153460953571219,-0.0343938116984568,0.0386134268807739,0.0414236454575221,-0.0464098806283375,-0.0146076301826506,0.0106348244392953,0.0415550681765306,0.0185548681386869,0.0383728093301247,0.0664029445075332,-0.0447711143481006,-0.0186097932454573,-0.12043178792938,0.00238860989416843,0.120224255549008,-0.0154324937843317,-0.0578795205986814,0.0153907377116333,-0.0241429654327196,0.0601911430824191,-0.114356892119162,-0.0570680190132561,-0.0751244157832317,-0.0591349476491249,-0.0780832161917241,-0.0897962448035272,0.03667101698183,0.04803191838679,-0.0130197748061337,0.0578847106500647,-0.0325684692602263,-0.112511874512974,-0.00931526544207667,0.0265913187204397,-0.0413178595452315,0.0326481694745883,-0.0524970394320508,-0.0857834688730998,0.00500228654673703,0.0756391664640162,-0.0473214950773531,0.00696333550567659,-0.00221146979250924,0.0606319496652882,-0.0679362915294797,0.115608171210657,-0.0582853656434843,0.0305879130418982,0.034406507227941,0.0485856976169055,0.114931146334076,-0.0406014960589716,-0.032723315806941,0.0405050929088292,-0.0565342147055153,-0.00507798644948881,-0.00774364916761209,0.0380892376964563,0.0455450181027486,-0.00708238936992337,0.0138759736384582,-0.0226991575157827,0.0367453206450633,0.00951887353522965,0.00531107751913932,-0.00396333366500125,-0.00563922705317262,0.341457091003371
-0.897723314340877,0.688662370703423,-0.66618396669934,0.0725188395359659,-0.185204885361595,-0.402360871191011,0.235125804257634,-0.00302320102884194,0.0378649339631195,0.0348811824828089,-0.0854152221335504,0.0566201745763969,0.0986106619201735,0.052751836656607,0.109292137684837,0.0754106834966073,-0.101908983376969,0.0257339045097981,0.0869388202195164,-0.0974908692861278,0.0417901120271602,0.0376772139241117,-0.0279135669729206,-0.0687998776170129,-0.105503722232637,0.0772373154110711,0.116851037474902,-0.0269814329771873,-0.0576013267569708,-0.0382068457615876,0.00797017617322929,-0.0718172572446917,-0.0056319814030263,-0.0458628755365303,0.0897534754602599,-0.0875547113624682,-0.0782226633467241,-0.0798392912857432,0.0399453281557887,-0.0460880510805235,0.0764072697403479,0.0151025551401089,-0.0810071413381381,-0.017072202161669,0.0348834050441804,-0.0268431966420622,0.122924194284253,0.0120721935613812,0.0144722452911182,0.070343262222328,0.0376481797399609,0.00537252389117829,-0.0210417675093658,0.0588132010250314,0.0346632924841338,0.0595604191019692,-0.00237285114180785,0.0448732737889967,0.0341417900231714,0.0281304011216007,0.0320399228295444,-0.00299830762324974,-0.131285374113034,-0.00890393704280326,-0.00728948277719284,0.0477092855053715,-0.0461502281412923,0.00512154346588348,-0.0545915398909192,-0.0427520588972306,-0.0109841835548622,0.056979147263026,0.0319358474923461,-0.0304601795907389,0.0530153211770809,0.0359534143712575,0.0705758343213411,-0.029171923049321,0.0248576344401334,-0.0331375901321002,0.0244673445792444,0.016916593429104,-0.0441068318960295,0.00029252195771073,0.03341936885547,-0.0228850768079274,0.0210730757188007,-0.0219769325532444,-0.0221381215243455,-0.0156818571965574,-0.0348235254803788,0.0028124785927742,-0.0374520807167346,-0.0389796351454193,-0.0173597175859391,-0.000314319039131169,0.0291028747963472,0.0867986425106333,-0.0463227303525489,-0.0190796857522833,-0.0505685632568478,0.0367592840988884,-0.0556441731802163,-0.0625106162374984,-0.0896643123957818,-0.0738988058119279,-0.00534029183677467,-0.00641644361489103,-0.0596544435815543,-0.0444030556543008,0.00523477471189779,0.0138304228677508,-0.0113348004164604,-0.0731871524340284,-0.00313009403476851,0.0257157828973495,0.0451143130663631,0.0533093486359651,0.0151043135264776,0.0211385807572761,0.0563957592004257,0.00369277073484252,0.0581793511363419,0.0240458731751814,-0.0847874349779551,-0.000273300727828749,-0.0405607334388887,-0.01931814236192,0.0245684037308872,0.0242162599934992,-0.00327257716239457,-0.0240774722951815,-0.0110796966250499,0.00679472948964044,-0.027171718593233,0.149598133264195
-0.163438865297223,0.296837673158421,0.26981628504236,0.0100705987790932,0.564780952005083,0.198719310433358,-0.358509968352438,-0.55380370246585,-0.193241831567057,-0.0534036130868533,-0.421048269950536,-0.21980923574578,-0.0790096938533263,-0.0782601633571719,-0.418306429681513,0.507637461641611,0.268288226606284,-0.60462305182574,-0.39264864195053,0.200486160436539,-0.0669147979759074,-0.271674770410769,0.317787720084483,-0.436842697376931,0.458277716492235,0.101208639817503,-0.0122371875280413,-0.0964251436283824,0.568344201069819,0.203150070100198,-0.221696786883909,0.264726475461621,0.174169494437014,-0.273602001583934,-0.170207467343656,0.235595384670744,-0.0448749641730322,-0.197050843929145,-0.0803757345491137,0.130849122507619,0.00733730982551284,-0.190488060609733,0.252917903077227,0.242733962094099,0.0957166868644652,0.000487257890907702,-0.244093740349648,0.0249912756742583,-0.174222708976079,-0.00277748812554174,-0.170884213044709,-0.113250881801019,0.201221539222577,-0.204767236784192,-0.0306807646988827,-0.0963602692999789,-0.192078900500414,-0.076838527295252,0.237983370291041,-0.0324488320601749,0.409662024902035,-0.0711363159417463,0.0167313358555599,-0.361258563997792,-0.215695891514128,-0.0915907953982406,0.101745544463598,0.0815312131727732,0.0526212160676509,0.072221696193745,0.132275429198773,-0.0373626193954766,-0.260460016936993,-0.0941060067533147,-0.24732118958612,0.0776084494832484,-0.00397685046532009,-0.0167805197257455,0.118016473025994,0.00751314777599295,-0.0806030035231703,0.087996596558585,-0.0576493689053818,-0.122345601856857,-0.246676353291549,0.0533452442385026,0.0706672960817094,-0.0311051173734372,-0.0258197808095826,-0.0979005783548352,0.132741929891751,-0.129530782339951,0.151582826046826,0.0787392209441443,-0.0367331503270652,0.0122504729175487,-0.0972673300006524,-0.0722634857376526,-0.0187882473487653,0.0871023631181417,-0.0044278790369476,-0.0957800522111241,-0.0339407122387724,-0.0321068404318417,-0.0419117714711428,-0.0270926782564837,0.0257418707921507,0.0155326968043256,-0.0631905803999202,0.00599762407748239,-0.0169391292027724,0.00675735036947858,0.00373023816214899,-0.00437175096700619,-0.0408971547691365,0.0274641633232598,0.0268516948618791,0.0100128814985167,-0.00350055414398546,-0.0265618548744195,0.0231361181704838,-0.00642475154478149,0.00760777577452047,-0.00958447050253452,0.00128298212520487,-0.00659730070591259,0.00118510946643731,-0.00441318898356669,-0.00085793400882901,-0.000443292390179863,-0.00336599283587319,-0.00284396974948717,0.00213978776767174,0.00165318023414467,-0.00229159032291905,0.647394347938812
-0.339812307101175,-0.791025286611994,0.634443153400408,-0.995018286995246,-0.10054825439848,-0.650479940815877,-0.24292773274043,-0.0167373734516962,-0.12042370579711,0.146408227131407,-0.113653271513892,0.170289527699782,0.204751934208465,-0.0556793209622372,-0.231819461272339,0.216265463463766,-0.129233148475709,-0.0316467706814118,0.108415237080947,-0.517149912044586,-0.58420080311417,-0.396441220367589,0.177228870666275,-0.381346784193002,-0.111096493353295,0.227007995266574,-0.280743499606128,-0.338174908415148,0.249505642497257,0.0533225217954409,0.274575474209023,0.0122524997898759,0.497018587375751,-0.119542313707218,-0.070550712917465,-0.0146549604092191,0.14303994058053,0.20625315917451,0.232230106915848,0.0112085894950925,0.0909869107650632,-0.0590543486807074,0.153090158714996,-0.0388778633721573,0.0411853335900374,0.0588724802201298,0.0158832777343526,-0.301443521885402,0.1145346634628,0.0810398064401688,0.313393860068858,-0.147886360939387,-0.0212325856247935,-0.18492734256065,-0.0294208846047431,-0.386087316314382,-0.03158394177795,0.168412443378621,-0.0662947983224487,-0.00881974940734767,0.0804901926329572,0.186736537326631,0.271113980227802,0.0785070967159311,0.0378787655015744,0.114000401701112,0.0254115716180419,0.00871391636792705,-0.00385943069722985,0.137849751729444,-0.0144956076877289,-0.00600299856459295,0.123011207340847,0.0835107432341991,-0.0334971178779898,-0.0902043552068229,0.106119146144469,0.0338018310605171,-0.114871428643379,0.0342188227123772,-0.0262144716591284,-0.0230012463594944,0.0061284059534928,-0.117349699773714,-0.000417413912412097,-0.120498627931412,0.0457124552241045,-0.0435391643213309,0.0664684855453741,0.0370069439477553,-0.137524294354349,0.0401322032733378,-0.00863143941116338,-0.0269264165414196,-0.0405650203306208,-0.101897259988796,0.109687531329606,-0.0744584733555351,0.0633488921827309,0.114427130699807,-0.00326333027361314,-0.0301034831315548,-0.0790233471909652,0.0774978563559605,-0.081918185306088,0.00661818801300761,-0.0308187767259864,0.0180127494821011,0.0494335967958011,-0.0298500303541451,0.0259895670106583,0.0146782017934003,-0.0546727148900989,0.0937052887459675,-0.0708022797177577,-0.0502740455726505,-0.0361376926452124,0.00512341963863476,-0.0635271752958081,0.0526198938836379,0.0106704730531896,0.0196598040190122,0.00680060199139719,0.0293951301472937,-0.00614140832281736,-0.00705804683044122,0.0176950585195393,-0.0225380231486379,-0.00791905268926538,-0.0130879234252823,0.00453346080050232,0.00422751012131471,-0.00802609634855198,0.00793983187967155,-0.00609148862380267,0.206637282862328
-0.23426383041435,1.05719013495765,-0.535368110301469,-0.0601870336553728,1.53069503443818,0.322876450534199,0.0309887264017115,-0.160475817350763,0.0616166266170773,0.0114566189304193,-0.165903671052101,-0.118526479045937,0.16229275255686,-0.202405793225138,-0.0809672612597108,-0.111637284668325,0.139992889286704,-0.0248928371139504,-0.228541063339282,-0.102756901323768,-0.186062587193854,0.271810025869852,0.164616819147863,-0.0528539953430819,-0.112900697902574,0.0108567984105791,0.0465386707776275,0.0937586869628017,0.106313504710173,-0.173288823535832,0.282916267062603,-0.234059062603649,-0.239687889576704,-0.266900463777718,0.17949885589282,-0.142715634667427,0.145758960455851,0.221101624129013,0.0670310833874867,0.149380999760624,-0.0308700128361956,-0.24200088325299,0.0860571074329284,-0.180229649438983,0.147563751346059,-0.00610731311357594,-0.0407556347807273,-0.0968720975319149,-0.0316209373343202,0.0827633727634395,-0.224333947128039,-0.0257778032814691,-0.144030311272332,-0.137462730766013,0.274982831717409,0.0543649990651444,0.0975049466481023,-0.0757767028792454,0.0305662641372153,-0.0989813705137658,0.185227891012156,0.0109137777459383,-0.0835827040207809,0.0311410817343484,0.02700272525297,-0.0665501929330227,-0.0223520242892339,-0.18998980126967,0.32690384627304,-0.130276866541867,-0.0774816402838102,-0.110398075971648,-0.0201578344318378,0.210630237370856,-0.055219957264948,-0.081363064797071,0.0675683987967358,0.237580157396917,-0.103732278370308,0.289197879573842,0.237925373427219,-0.0202701204580237,0.129111160818362,0.175136282142433,-0.0835609542120659,-0.243427012403183,-0.125349890467358,-0.01232571293235,0.109379193585507,0.0068365153400655,-0.0480833066331097,-0.0175509081071804,-0.0952149719069425,0.0279746605833114,-0.114410034664804,-0.0397296394943767,0.00568565798518751,0.00339155436938698,0.0485422302601526,0.0355562912338149,0.00143446456901407,-0.0619026058784303,0.0459122352911286,0.082068954222744,0.140229182562622,-0.00141168991143528,-0.0973265138763505,0.0894680019841469,-0.0568653375887349,-0.074349648201176,-0.0164958856672321,-0.00177660095576975,0.0176215418100894,-0.052182079193374,-0.00821495456903122,0.0485240401612402,0.0168989141632982,0.0236133376333407,-0.0270839144270568,-0.0230003309287661,0.00876943714798753,-0.00309590417755821,0.00171229155499265,-0.00508566545739459,-0.00788316345635469,0.0145798984501741,-0.00146355251023355,0.00036015330823908,0.00335906507908902,-0.00631581164975437,7.05864651646885e-05,1.2317639083783e-06,0.00045180300637927,-0.00294854443966823,0.000363256106008923,1
1.71075847927135,-0.597776883233439,-1.31250146496497,0.464719941253189,0.223265486445199,-0.849370050425395,-0.675151427553412,-0.299056733608465,-0.31150870893113,0.212880981887069,0.327905240554714,-0.476994615278757,-0.281397748618321,0.0337328171883634,0.00327486190032437,-0.118959816307629,-0.198176754119202,0.559612017229723,0.057132143721857,-0.321199869408851,-0.350181236717988,0.203439857293932,0.187694338487673,-0.31826851076908,-0.066241367333575,-0.335934377349583,-0.266131153403187,0.0302514994032574,-0.272038106311488,0.52073007597831,0.301658850438464,-0.417670960729477,0.668312738618052,0.124380242021789,-0.378125636001217,0.0991708465995382,-0.143708499761028,0.313599454242419,0.246522158705064,0.152733025534196,-0.286434390655732,-0.22259841161856,0.487162400159725,0.0183363589606799,0.0778197083556544,0.178901133323008,0.474913791771595,0.00489419567749048,-0.0884615032257775,-0.116302597385033,0.056430123450501,0.0917779879787747,-0.25077806138498,0.0372229927194783,0.00676622723852767,0.0137271177323296,-0.205980965890706,0.0772594969655498,0.141615139504819,0.13180276977927,0.0772724172168406,-0.276668097086969,0.0682102839001466,0.141626507252027,-0.152595739242208,-0.380444105961212,-0.149209096432181,0.0639431466757618,-0.134569568342487,-0.142082861566193,0.181206652811761,-0.0309091026481514,-0.119716781067118,-0.181391450307467,-0.018155900779884,0.042572055304418,0.0633391341869176,0.0759110792629773,0.113809209748292,0.0708805757468337,0.0569482124031899,-0.0451079852818232,0.13046287215958,-0.0204908571987087,0.0597553927798735,0.0762019128781022,-0.22093950421199,-0.0361370727369093,-0.03879616362983,0.152276611834676,0.0167940441490141,0.0769532840306685,0.0329826267633543,0.0491515994856228,-0.0254044826359076,0.0621329315231328,-0.0447115056441877,0.0449916338379218,-0.057606624662991,0.0179971977367138,0.00781583532486304,-0.0225235421697552,0.00227110152913439,0.00149552804887474,0.000604808325275758,0.0173818072459954,0.00613408392626059,-0.0151754477656295,0.0130623320859488,-0.00059359719136525,0.0168374571552292,-0.00624969932665108,-0.0428303753806575,-0.0111533733738104,0.0313172159390934,-0.0121374247070943,0.00618013946223218,-0.00697336799369082,0.0267217641267404,-0.00687934363671239,0.00789069021257702,-0.00312965321675087,-0.0118144174671189,0.000421853012304121,-0.00263297517398755,-6.67823776887503e-05,0.000100488688462979,-0.0018301342322573,0.0012733933961517,0.000884847883480621,0.00238448820028755,-0.00182080523921691,-0.000618226328673149,-4.56573717263265e-05,0.000225018585245346,0.476276899144413
-0.422789308165478,0.289502236995067,0.240205754275502,0.902204020642723,0.397997104337097,0.527747826940537,-0.0484365159864591,-0.0669505418136314,-0.0995676299596567,-0.224921652384917,-0.00930107395461903,0.0307255264512174,-0.388380903099628,-0.429865005733316,-0.0259245726978574,-0.449839202025502,-0.0945406265232003,0.59902128986332,0.263746541909709,0.0492194144256988,-0.319119688979129,0.218112950040498,-0.515800631234749,-0.00493103031229169,-0.349603356501892,0.118393135599419,-0.142455873972877,0.347015549304487,-0.244407186445064,-0.543513471699983,-0.0891640567753469,-0.221602771305339,-0.313818819214528,-0.375718716691433,-0.0368317743885277,0.00212247202191716,0.742062683293029,-0.310107597865495,-0.0560769477664462,-0.117757301428757,-0.170600808663305,0.297534696015526,0.639860202529606,0.232892640697896,-0.197424862061605,0.0648518506963846,-0.0215308354699495,0.141509229726047,-0.122949415017554,-0.0204550393492546,0.245612227061863,0.0246837053395441,0.366614285589081,0.243163908740337,-0.328679776245968,-0.545553948262373,-0.293862850937189,-0.0219809621470795,0.489053715122323,0.0560225773722592,-0.162384127062816,-0.0306513559146028,-0.109928854009888,-0.200475710965636,-0.197483749775411,0.0252872050919953,-0.0130798955650447,-0.161255421576971,-0.00194574225215803,0.00515471785985123,0.0481054991530301,0.028098150979675,-0.0464345672977472,0.120462857350861,0.12933467789662,0.217128300281657,-0.013711659033504,-0.106056475106249,-0.0101485443749633,-0.119245883815567,4.37926717611054e-05,-0.0134491550348096,0.0607526816810455,0.0242890035057831,-0.0183396426672856,-0.0538392584322055,-0.0157281624771077,0.0309290240515388,0.0921191231393878,-0.0116147239127935,-0.0369972277441364,0.0106798588690895,-0.033736862984912,-0.0879700042781799,-0.0101462429369964,0.00622989314688944,-0.0221088575894105,0.0288641243214449,-0.00454727707067761,0.022081907976359,-0.0129115288630962,-0.00962167201469023,-0.0184847228629663,0.0245870791747853,0.0146003671749917,0.0113089135900297,-0.0264912451415243,0.0542304166374138,0.0231736127736528,0.00507003526837392,0.0137214174712748,0.0186897610379471,-0.0296836732257883,-0.00247235312827021,-0.00702015546290603,-0.00213201669315565,0.000439042557863802,0.0048529209196611,-0.00468795964700272,-0.00296934122636144,-0.00456076429351082,0.00157423744915151,0.00113324107027214,0.00474005484247846,0.000377351231646964,0.00358725374623025,0.000775139065862803,0.000643654874952843,-0.00157364476817069,-0.0010455301160654,-0.00211462554750604,-0.00109994673648948,-0.00055393985718147,0.000496588244773512,0.000188820852469169,0.745916515426497
-0.174312003025588,0.479370376451248,-0.173795894673516,0.783517187306687,0.0490456447505115,-0.244676422600169,0.105551097567916,-0.195241368364848,-0.233799788610287,-0.139685382086264,-0.290879442668254,-0.173972603236917,-0.359563126011991,-0.277632198631442,0.0770343482388764,-0.0120613376292352,0.00951026563132042,0.110933736982601,0.092419948511293,0.187653567207095,-0.220235097881664,-0.132521393281017,0.0109153070739202,0.0675271392243893,-0.334267762889209,0.00441787187363967,-0.0879660757361216,0.0533794698838465,0.0757722441984147,-0.234550701941445,-0.175397496793243,0.06021005029661,0.233769727784964,-0.142362051143126,-0.232691085271196,0.0489984786178292,-0.0022607043679016,-0.129148467974464,-0.163323648885129,0.111154576016754,0.0768894810266735,0.379989138706742,-0.0400773059263788,0.0362586416487685,0.297168932745797,0.310017350453911,0.133603446016988,0.0362378922973395,-0.124467009954849,-0.12741893939071,0.110687995134329,0.0801069885025338,-0.239703996376385,-0.104866885398213,-0.00842203873052078,-0.0242680010994712,0.169587723389874,0.110169566949285,-0.158990814306396,0.25477135270383,0.0738853800658007,-0.0676906875589527,-0.0657239752700937,0.147538398785938,-0.0982572040981355,-0.0500704065887078,0.302210146752461,-0.0496870514717523,0.0254152758539026,-0.127829556967452,0.0276415107006682,-0.0143570048822259,0.007746616530288,-0.0374182554148919,0.184541514947339,0.0306399506474085,-0.0110446945399901,0.189971767686564,-0.153880736311625,0.0631111127667157,-0.129090298545643,-0.0588702468790164,0.0396541176637181,-0.187137396134583,-0.131307529472773,0.109426525604683,0.0564683216886958,0.148445391659142,-0.00452363443588239,-0.0953898785177955,0.0381423196375204,0.0157025143168281,0.0269685344964792,0.128003396987505,0.0900205677623313,-0.0403298540982461,0.0471786353794193,-0.0444177241076536,-0.0292345905076982,-0.0855944355064632,0.044458524164792,0.000867761077360487,0.0467286879558442,-0.087741006396131,-0.0127968404583685,-0.0281014421911388,-0.164067985242139,-0.0300878404761051,0.113182297368707,-0.00411152194396156,0.0227337553413884,0.015417387639584,0.109994340961225,-0.0243714891982243,-0.0131982777712637,0.0958574164659389,-0.0408201538136851,0.0668722054601679,-0.0309747205083555,0.0386432764512315,-0.0475565531640227,0.00906434592754774,0.00489050635557535,-0.0212315376223249,0.000628949150201652,-0.00399997308393831,0.0195482491504548,-0.00354899415120094,-0.00263510358102827,0.00640323708012514,-0.00464558454436686,-0.00046214315319172,-0.00139216994067502,0.000390239889535686,-0.00278196865252747,0.22219341457091
-0.0177575265510901,0.281215953741961,-0.18331982613026,0.0751422715038143,-0.00691187353464356,-0.46458360719163,0.553533876764937,0.154140980139102,0.147607505121666,0.322670709540459,-0.0358614687677138,0.095623568972302,0.240874930295416,-0.289075382719634,0.0402704677664074,-0.0517174295891939,-0.16816444173899,-0.191732843314603,0.0191323423548441,-0.0593694676793879,0.000730408910525938,0.0637459976523822,0.262009615856457,0.000421496463411009,-0.354137205178128,0.0651643575190956,0.044227075203544,0.113344944318739,0.151294855536521,-0.127220556307184,0.26340231104825,0.472169797579977,-0.467474967149834,-0.0374536148117874,0.270734655040474,-0.232015619132147,0.713590721456147,0.0555306438552548,-0.490202933244194,0.00331199338887714,0.126087299754171,-0.599849757369744,-0.158985577882584,-0.0726106010685717,0.58208260091613,0.42901870297111,0.314937845443404,-0.108658619225569,-0.254174917712919,-0.0463370021152614,-0.422190764257211,-0.0266210753630932,-0.170956308867978,0.125185943435624,0.428546977372608,-0.445056929715655,-0.194692035757721,0.118427600029409,-0.0314253421541891,-0.292588155793875,-0.200095092492257,-0.239464779101959,0.214505131663831,0.111791412061801,0.245409008911018,-0.0284974858872809,0.0351763678866944,-0.0446175360411533,-0.279954831057532,0.176472821581243,-0.0209084410035614,-0.0466730100778076,-0.0044827673478829,-0.176617306041978,-0.0724251149631102,0.113654346399492,-0.0793539188539873,-0.135017290768916,-0.0642973901560208,-0.0799752387496902,0.0515895863677413,0.109206234544946,0.0630150794866102,0.0353394721507128,-0.0737728933217956,0.0692507447087086,0.00112817537843494,0.00844836008914257,-0.0396083548106795,0.0477218212497416,0.0104250563239779,-0.0119671555899303,0.0552174565539088,-0.0287153713641417,0.0284593998693295,0.0639081805750129,-0.014397616939225,-0.0172570362178624,-0.0193365496633684,-0.00398390446567552,0.0667742275695635,0.0151523838178298,0.0241695433304784,0.00771636599676784,-0.0389765505762879,0.0222543098521094,0.00760796648843631,-0.0106228596300787,0.00377868038325019,0.0148860265719135,-0.0034754060283794,0.00593289473389722,-0.000171618102287934,-0.00329440919153254,-0.00523345071300384,0.00397170749796734,0.00714875322359589,0.012476425148512,-0.00118602476992726,0.00289568772661481,-0.000432686341356388,0.0025499048165838,-0.0014695232312458,-0.00228967836130945,-0.00180247506810375,-0.00058169475310271,0.00207296800756509,0.00164746934880291,0.000388982268299703,-0.00165689367649625,0.000532609813514196,1.17435994488307e-05,0.000370746342071854,-0.000237017703769786,0.000169590075536263,0.351827845475758
-0.232177890719532,0.433050141992959,-0.26389843194853,0.19982606502069,-0.0948268642629855,-0.426831621986376,0.291786105531509,0.199147555486876,0.173170969683327,0.0527393989482304,-0.177854489063682,0.131257871480679,0.271318791803267,0.0607280258361769,0.0781041647125254,-0.0927748198619315,0.0282339063625199,-0.156841190473701,-0.00255071840128287,-0.101017372718987,-0.052101158559197,-0.0148110091759649,0.203338345952558,-0.101766687036341,-0.076122773790485,-0.0169731527197389,-0.0234893206322667,0.0234815245748427,0.0435048341952197,-0.198932796986439,-0.0454348374660237,0.0134102527155639,-0.08555821163215,-0.015551517682571,0.0747405468866174,-0.151012058266299,-0.0209291381940871,-0.00398174615135477,-0.265555963774492,0.0027731267761621,0.16731061049412,-0.0858534642115458,0.0889339103615936,0.02238598896569,0.100610905904228,-0.040793666207651,-0.0348635018266327,-0.027963252049926,-0.0117617655329738,0.0147158109353676,0.0404472291432592,0.107925708074971,0.0606769879128932,-0.112557617071939,-0.0679176121003046,0.0915989963429301,0.0294148676891647,0.0990486882867164,0.065043467093232,0.0613580508729687,0.0895682800792018,0.123998461097618,0.00933177438041196,0.0926043703787913,-0.0111033281903997,-0.101609778542316,-0.0056460830551548,-0.0239351093468409,-0.00904041013456619,-0.0259920063471209,0.016678113015331,0.0582984956656528,-0.0118982579446981,-0.00967936597917584,0.0361169556893969,0.0439195850989899,0.106913091886605,0.0637977544366644,-0.0421442387046842,-0.0501185254633762,-0.016587141924439,-0.0104648980707983,-0.0185365095293794,0.0626858332736754,-0.0429478705351838,-0.117799234934651,0.0254795219148978,-0.00509730478030176,-0.0246780571641574,0.00303444579428599,-0.1126245647648,0.0369894230504683,-0.0278755969500498,-0.00498168593886305,-0.00904810861919218,-0.0485747989553744,0.0102942298990742,0.00490028535961343,0.0123094410908717,0.00842785410443683,-0.0867370217081243,0.0216870609641576,0.0145446840090827,-0.0434183708413475,-0.0254087443563789,-0.0204598378164489,0.0137543186093443,-0.02939839928918,0.0433863318362271,0.0798034670630389,-0.0353048913854828,0.0102037658502391,0.0172547661435205,-0.0924998031340749,0.0567536393227281,-0.0295878066840095,-0.0585685474967986,-0.0705584785484042,0.0196588349144164,-0.103140095317736,0.0249096076499163,-0.00379844117893079,-0.0430125133851157,-0.0154315139923472,0.0497841073499547,0.000492542490240885,0.0172185414810594,-0.0383755962704401,-0.0524479296940456,0.00907416850460778,0.0121042901778471,-0.0270446283002627,0.0112303755523417,0.0149557908705565,-0.00985031554078498,0.280010370754472
-0.588468289086033,0.228758723685273,0.105079011262113,-0.0642591097562147,-0.372657569289533,-0.0700456065237168,-0.00920448508934214,0.0537172479890502,0.0514399997509482,0.00654910392477116,0.0703100099043323,0.102383362304358,0.0344061108847825,0.0122552292473667,0.102217169093561,0.0335611016788006,-0.023234209732202,0.0579835254219202,0.00105565501825389,-0.0205804912644316,0.11460361787381,-0.0221939074352982,0.0284423316393871,-0.135869848288284,0.0427892987636717,0.0640632967048365,-0.00570562121598759,-0.00102483429999491,0.0559911007059159,0.00104239510836934,-0.0383893573035424,0.0829163616947102,0.128768874471992,-0.00869407763662787,0.00573031222226083,0.000625848278548049,-0.105445801118715,-0.0412841956153843,-0.185152795623025,0.0742747677952173,-0.0255811553472391,-0.0958750303521846,-0.0897210862843986,-0.0983034133868653,0.0238302145371095,0.0460281951308551,0.0251566573374294,0.160400894676214,0.11951716537803,0.0179022445235802,0.183986845672028,-0.354286652917874,-0.126853332858243,0.175751183287238,-0.151178664958527,-0.154662420610291,0.0229302589658984,0.103262091413122,-0.319734448422699,0.305290638983664,-0.0428881227331092,-0.0128626165065106,-0.0143567318071923,0.0416197269190788,-0.171617638220679,0.0539110610753754,-0.161409412024312,0.0805936828133582,0.315204418957138,-0.180532932826648,0.220993577893353,0.438164905238634,-0.123914106275059,0.083236283245885,-0.0713545764684703,0.249975150447929,-0.287531987389329,-0.199412053353602,-0.309287810657855,0.177546476493214,0.0858617695479003,0.43706705758474,0.113068413145065,0.00608096166776293,-0.0316615957609447,0.0304428081631336,-0.136066018152678,-0.0728261499447351,-0.197687295549621,-0.00203703647847262,0.0432150659277244,0.0275014621301523,-0.0848128496776427,-0.0112318865278783,0.0294618527615857,0.0464635426669543,0.0348679838783803,-0.0749205867357552,0.144744882462522,0.0465891810507833,-0.0326756643189729,0.0398937974690858,0.0343036432815817,-0.0222324373412893,0.0265395983336553,-0.0194367159889173,0.027996429956218,0.00984704517713852,-0.014269593093402,0.00533190434892648,0.00872452245625276,-0.00294431704896038,-0.00161415309860245,0.0128471187013989,-0.00222078485381709,-0.00868971053141977,0.0138742322654598,-0.00710826109924265,-0.00318118462796821,-0.0102063105667405,-0.00685627950046983,0.00127970957931049,0.00251117296888423,-0.00102909370195683,-0.000225005178951085,0.000345259989738259,-0.00204010869413676,-0.000760982287438771,-2.78476916789879e-05,0.000606029615763494,0.000396498293407101,-0.000272849043136414,-0.000226295509679677,0.000246805761718853,8.3876535436888e-05,0.585169821104485
-0.629837510992505,-0.12215876771404,0.115791803279281,-0.463944561855246,1.18391589390621,0.64934558163455,-0.17614012627839,-0.275316076147321,-0.283995367886848,-0.0116362932961058,0.326635341476445,-0.33041886035509,0.067206506804676,-0.0430734717480728,0.206989885447247,-0.00609701274577277,0.112953215026822,0.0877701646502212,-0.186132266187627,-0.629755204606602,0.23036655163219,0.381460517125602,-0.00938440694493423,0.258434514828202,-0.236191174357898,-0.246886855809233,-0.253598479238921,0.0316492102637353,0.362410524425044,0.113977904292113,0.648930975324717,-0.10580105272448,-0.00706992076326577,0.392791798699655,-0.266167634857033,-0.0876720434858191,-0.169895576535547,0.110659394665982,-0.244817393731852,-0.154759343991178,-0.190596419079109,-0.160906237682002,0.0920563695644899,-0.372618459571848,0.123274279450985,0.104743033133244,-0.151774615916247,0.148213891506355,-0.237862837017653,-0.0524160390137529,0.184329221565812,-0.127792294784712,0.0393833121410101,0.272132483473011,0.183721566532118,0.00182392310649287,0.0850990275994794,-0.344010105423317,-0.0759420906548872,0.0401889590877847,-0.066962024527983,-0.288215112689097,-0.427071204204067,-0.29650224639089,-0.0931218475218395,0.107828348530109,-0.104637537143637,-0.253619865836738,0.0296970155393115,-0.0391609465559842,-0.139660655754734,-0.00694824848143581,0.16062148782372,0.139501494541482,0.088268243367084,-0.120079441446807,0.168573943911857,-0.0819500179605608,-0.132911742511955,-0.0276557555129924,-0.062438109407922,0.0444839515887744,-0.113806334220753,0.062337495148561,0.0437970382871924,0.192724436868904,0.114863756630459,0.0637979483792199,-0.0194108111899045,0.0322481695591432,-0.0268176542784004,-0.00776577021418642,0.0913287020008296,0.0849963146548569,0.0294284246946916,-0.0143261508298954,0.0386103497715859,-0.0378815694821927,-0.0147225466896388,0.0519692087998293,0.00677023138782043,-0.0600359863648238,0.0380614659015056,-0.0273422607631531,-0.0706850822032094,-0.0712615324828346,0.068378564555826,-0.0492038362560854,0.00953300553503004,0.00442769688187271,0.0154326704989596,-0.00756117237471705,-0.017722257040577,0.0655464136114436,-0.0107340137696011,0.0180502854656758,-0.0122296115962331,-0.0253254145150283,-0.0233509219329992,-0.0216291559039996,-0.00656883832403085,-0.0150351121623493,-0.0339928318691089,0.00954554813366639,-0.00336989939435823,-0.00795215134697203,0.00607221282534972,-0.015079398540115,-9.92110281195551e-05,0.00544711510117363,-0.000976575096708885,-0.00487572060726638,-0.00524945440273129,-0.000450656007308077,-0.000620136230810921,0.522945294270158
-0.706076336366902,0.151681209501787,-0.690379801809986,0.122269311830108,-0.199227568262737,-0.080160492563615,-0.333417192993445,-0.00763344615589555,0.144923727904277,0.12182208768678,-0.0363174937562648,0.20121377144987,0.209294011909904,0.0057765623942742,-0.0518304141950311,0.121444246829391,-0.135308724948844,0.0196835364996751,0.160128763355032,-0.179875355036959,-0.110001931248627,0.00679866997911613,-0.00366897548130308,-0.144211076190976,-0.0872086459908975,0.114310908888546,0.100324846121759,-0.0430042462574354,0.0657660029751449,-0.0479770536245301,0.00825349445800727,-0.0437427990361881,-0.0055481376481253,-0.00396378266246168,0.073851011077586,-0.0239543168840798,0.00318420373030848,-0.132159428444123,0.00807683094197811,0.00269592415807862,0.0858985400598059,0.0454032852204684,-0.0914644392436369,0.0123180506273821,0.0703581621097358,0.029251190502565,0.011826259646898,0.0186026251229605,0.0340934006892336,0.0470800477776526,0.0528539118058846,-0.0428134582966501,0.0275629301549551,0.0575778315526819,0.0230279545376692,0.0603219703110964,-0.0140743101723567,-0.00888618004749863,-0.0242755071671326,0.0783015053783765,0.0281010821438829,-0.10824900090041,-0.0791718699465722,0.0317824132975441,0.00148598506282381,0.00708507631022197,-0.00394518420375674,-0.0281755838589397,-0.00256508002029981,-0.00386505944941944,0.00940692066686064,0.0217627116956815,0.077171611392925,0.0247838878404951,-0.0103456944063194,0.0549417922246508,0.0957525094076885,-0.0698581974833244,0.0127901126390046,-0.0430189751121929,-0.00896488160668642,-0.0630218029452291,0.0130958268042375,-0.0678658055072102,-0.0109019406380749,-0.0485629518996531,0.00082965129420212,-0.0479225454233029,0.0165684583056197,0.0338911609630606,-0.0461904581334706,-0.0297289070376286,-0.0213870851712226,-0.00667447193237072,-0.0394479670092119,0.0138854691963732,-0.060510512598802,0.0180724114036486,-0.0288386193718187,-0.0292165095065729,-0.0325053293991695,0.0322685911643135,-0.00726735338151745,-0.071175858655353,-0.0464150011632223,-0.0594077296302935,-0.051149795259008,0.00104601118195155,-0.0676624173202013,-0.035384546534773,-0.0320137538015446,-0.0662915779317907,-0.0179379805987422,-0.0120005771174789,0.0404035279937195,0.0346611962207565,0.0514079011419013,0.000593685765499386,-0.047014383794387,-0.0109267924603678,0.0232645500382152,0.035911695721561,0.0164255735322006,0.0154382375888012,-0.0139513666873277,-0.0233020665285383,0.00960930839410655,-0.00551313821706759,-0.00105682092420602,0.041108610392996,0.0282048063119777,0.0332060130662853,0.0107614856661645,0.0321813114324976,0.023132595953439,0.066632097485092
0.0112689948756939,-0.623997013871114,0.144551307979633,-0.38500013131929,-0.71728931048058,0.352981387098116,-1.12040470066896,0.721800551315102,0.423129859972984,-0.190817793090349,-0.0664526707290298,-0.733282413022792,-0.700747050619197,-0.094079929241249,0.262254630920207,-0.513160936527733,-0.387797663164791,-0.720113978896575,-0.493248127741288,0.27470737420066,-0.31645840873491,-0.33360224311226,-0.188338327657742,0.160307060609101,0.0403840332515917,-0.0191324676504147,0.0419603757955796,-0.0971776008076729,0.263232853354515,-0.248260222888787,-0.24766709180034,0.110359038681824,0.0738325423395027,-0.339224383636886,-0.0399073604405833,-0.0478284391320075,0.0596841493093946,0.216562496670811,0.194055620036315,0.392894950910482,0.135751665695379,-0.161307669969399,0.00851815773948163,0.363012713983912,0.0759937064713474,-0.263572960429891,-0.023639361910797,-0.369434522763903,0.176981372513845,-0.303270997083746,0.0804987638660528,0.186467835090596,0.0509652879482582,0.42295095931464,0.392115543600041,0.0861594836779234,0.145749715179248,-0.180285324565027,0.316371818618394,0.148792189210062,-0.18577471510784,0.0821715274631038,-0.0665132700865716,-0.0345019868455357,0.039765903713793,-0.0957998953147414,0.0203866648683224,0.0090488434588994,0.0634823767819092,0.0644817014575204,-0.136117488358034,0.207858605971437,0.13160644349681,-0.151515043038183,0.0432469661546372,-0.0999647069522641,0.0555763602113288,0.0739888299298605,-0.107539310459058,0.104884580186099,0.11960910173268,0.168305740291704,0.126848572938176,-0.00418016889532183,0.0747482289678771,0.127808359482775,0.100294235838448,-0.0216436620683146,0.0231822334424008,-0.0445047425376278,0.0329879840050235,-0.0244471360501471,0.0515835412759077,-0.0293343183661725,0.0570147528356271,0.0590334684817317,0.0423876886092138,0.133831703241128,-0.0434495191636522,0.0561566233796993,-0.00226932948445849,-0.0426585974354305,-0.0518370506794871,-0.00584074357311225,-0.00993691362419389,-0.0164431216231096,0.000582117794723452,0.0104121209847952,0.00651466694167203,-0.0439173930588869,0.0518658779350696,0.00255368355959713,-0.00514296515134971,-0.0494396942959426,-0.000767385929046013,-0.0288662899662491,-0.0285093272203863,-0.00130283112146529,0.000151468684860163,-0.00662440548643434,0.0117750187872208,-0.0115141974029512,3.22890859837111e-05,-0.0134668723633164,-0.00255115570909769,0.00495897220271272,0.0142915310208934,-0.00172500612109674,0.00112947447621618,0.00121801130729728,0.00657417529149372,0.00333881924340594,-0.00111940137072866,0.000731361074692589,0.00161486380984271,0.611096707285455
-0.134900449536279,-0.3309087877912,0.219419703488554,0.0233132791307129,-0.187807402163483,0.00587755224317113,0.0465617168806929,-0.121156229425327,-0.027061210668241,-0.0508294200453782,-0.0900898131317921,0.283837600191071,0.406736509705132,-0.118541421828931,-0.11694395144061,0.00217845675388714,0.198090032429664,0.0945775175141113,-0.162911257615501,-0.157874369416211,0.016026943224901,-0.368004049192795,-0.0218607440709636,-0.0891991163106651,-0.207776637537922,-0.0103216479213311,-0.0268056898257872,0.218580539650378,-0.0551968676243663,-0.171601477573805,0.0743520142142162,-0.0402282342833966,0.0996467824505657,0.0648508601243016,-0.0486798679814889,-0.32300732399099,-0.0481531499123356,-0.261245829845858,0.105875738833461,-0.0360001843998081,0.277742760018106,0.0106041640035604,-0.196834260572324,0.208218385840027,0.0845735553837996,-0.197324899947656,0.00731962840669483,-0.168670791724818,0.105481928430565,-0.120108314167336,0.115493786565009,0.127830131009655,-0.141517690082747,-0.378121559836923,0.0336100465629752,-0.00239315767466811,-0.10893210498444,-0.143196996288074,-0.0512815535499349,-0.0323580948524873,-0.103895338940765,-0.167345889740392,-0.310901032331459,0.274805326963999,-0.116629010326063,-0.0480162774085833,-0.0618527747305664,-0.0119335964733794,-0.102656476262954,0.0364870000811878,-0.00798183813990313,-0.0778562969593073,-0.0323773291921555,0.245652888623144,-0.00527021084792399,0.0953849646570166,0.0348250114700058,-0.0962439822751659,-0.0823933573033996,-0.0469329007152176,0.0813635869843085,0.00815009987490846,0.149032849130827,-0.0151164859237313,0.0332577527700111,0.140639740905068,-0.082603702673709,0.0477240665766002,-0.125126784360319,-0.19313221232935,-0.0388299028193795,-0.0795496768568134,0.207065962768726,0.110777797239059,0.0526153126015206,-0.135000202749078,-0.169219561354811,-0.00194269085402625,-0.0771441704749089,-0.000120686207577547,-0.0813342618782434,0.0382453527575211,-0.103267561807581,0.0850700289133194,0.0224240958648766,-0.0244866088874869,-0.0389412554314596,0.0166278284636587,0.00824044827822637,-0.0389304704801447,-0.0885834451528396,0.000292503570395702,-0.0186539326227758,-0.0660038464005804,0.0137446961297352,-0.0756223754447104,0.0457048334278731,-0.0714252002675766,-0.0157613731439608,0.0245618240818191,-0.0417022591688052,-0.00372340605894845,0.00318402411124758,0.0159994257982158,-0.018890398974578,0.0278220491490738,-0.0101025208477491,5.79537281266329e-06,-0.0102428040592649,-0.0115149842705346,-0.0122889469312472,0.00306639707628281,-0.00390980644738846,-0.00289440681989663,0.00206260087938212,0.51257453979777
-0.969335261156042,0.582432655746701,-0.249083409714657,0.334829577026023,0.920220161535828,0.120393166457365,-0.145623661615215,-0.269490644322227,0.0262758240536488,0.0204085008475537,0.187919393431695,0.116244109659046,0.00472967569537113,0.404743061200636,0.0451977643612083,0.232574509347905,-1.05821506406042,0.594431239947633,-0.0611036509518199,0.399325943103409,0.309762442630134,-0.0118466683071231,-0.347301545361677,0.0850805645730419,-0.461335467221487,0.506736994944732,0.502860863711707,0.633260414527887,0.461888262170315,0.419634783186517,-0.789077702471212,-0.2242783354,0.0445349792493237,0.564107975050482,-0.0398733232028754,0.554637560000396,0.185599646689778,0.783046813676849,0.0182589318520214,-0.0811745742170364,-0.19721465566897,-0.339776555979541,-0.312670415571854,0.0218254217067815,-0.0619125546775718,-0.345373031957939,0.0206518314311353,-0.214936490044546,-0.253614683117986,0.0841309637322293,0.100869782603462,0.326750172370761,0.106186922282077,-0.0447916281231546,0.0852422177418339,-0.139261809978593,-0.314848614960743,-0.0844845825486773,-0.252297799972895,0.235857071461332,0.188789125251451,0.251194095226328,0.0857152615103602,0.013247846003035,-0.00377767848992476,0.0580167031346289,0.0754961309014085,-0.069893577465645,-0.0399430200708969,0.108614041160854,0.044541132246235,0.0341690436817828,-0.0351659649072335,0.0842444399980072,0.0026460009726309,0.0592338619917676,0.0249449067315443,0.073934176436188,-0.0668739301629611,-0.136618600240901,0.0897069251453688,0.00724024463673206,-0.0160846418967712,-0.0245905714599259,-0.000697121386468686,0.0322919470510483,0.056110177934327,0.0251618710675561,-0.0364193301649465,0.00976812584864904,0.0205212764342595,0.0223955947795908,0.00978135874463417,0.0302481727039432,-0.00457969631476775,-0.000889493289132038,-0.00841290106942802,0.024728389817436,-0.0198983223808648,-0.0188631352277388,-0.0230238380126294,-0.015126903288241,0.0380451723002707,0.0305458049635574,0.00144391396206779,-0.0123236246743817,-0.015082836734289,0.0277381427300975,0.0079508649755963,0.0172511442469112,0.00454537424228364,-0.0137395923735196,0.00400514342153004,0.00360738500174594,0.000358661063166842,-0.0162197637126474,-0.00261876416633829,-0.00478487879763937,-0.00204539697927691,-0.00252537554929248,-0.00100288949630231,-0.000817123777603495,0.00534830690835583,-0.00094865020685304,0.000108273501509773,-0.000480265546770937,-0.000896405733404576,-0.000640007587833143,0.00041623412386703,-0.00089237878375102,-0.000746477310654305,-0.000160738750607108,-0.000354963684160499,0.000351054703032692,0.000228486266894154,0.315530204822401
0.432751067991824,-0.438603711800729,-2.36802601694557,-1.38543934831202,-0.778655755559664,1.62381410352871,1.08930171065731,-0.34377879423796,-0.11248701949284,-0.0791841683367903,0.24613812746482,-0.155402831684091,0.0610249423853046,0.160052095063844,0.0592084842291773,0.455504021269292,0.443172878849221,0.240931297422289,-0.438915217427727,-0.910493705207393,0.261284678330379,-0.091422716390675,0.1222982453024,0.80640947603177,-0.0134999892430306,0.175730782447538,-0.260582464348666,-0.394584360590695,-0.167636040786413,-0.707816928754966,-0.931151639248987,0.0626103208333176,0.276456646767489,0.0513719230240602,-0.58052154754817,-0.0498629146316457,0.497083997788926,-0.0202638487568566,-0.00448371841183214,-0.438871958094226,-0.340420281192071,-0.0125019020741798,-0.129358917873015,-0.0472356693617831,-0.195107886344959,-0.100836646636474,0.181934646686875,-0.219688591415901,0.139557075235324,-0.0204999939751874,-0.076830098991962,-0.126493663180545,-0.118398270675015,-0.0616449260778098,0.123030714197945,0.0820977399987096,-0.157578263197665,0.0625340319189997,0.156184756968572,0.0293100844170674,0.0730709028118894,-0.148290938910745,0.157214713801037,0.0835594935485088,0.0464658912078042,-0.135843024147922,0.0867578547484299,0.0491297290540281,0.0954621762127389,-0.0525962772319125,0.0404408444902122,0.00112524032779116,0.078949136100013,0.0593072242059124,-0.0254946250284803,-0.0341543670834059,-0.0118237083609695,-0.0251882052329633,0.0170388303026327,0.0307303426002949,-0.0348425868781855,-0.0263853783529021,-0.0393540860150166,0.0530819935049905,-0.054205647859789,0.0272746778374309,0.041453488889427,-0.0350098133141388,-0.0515129302059189,-0.0158688244248004,-0.0100235312161629,-0.0358804607420651,-0.00377948742554001,-0.0129203643380597,-0.0481051889235574,0.0281578272507586,0.00425262724041436,0.00246575143463858,0.0238169681907801,0.0271270249002685,-0.0210591334671117,-0.014340285345452,0.0189229488722492,-0.0123552365132823,-0.0298485048942392,0.00919047524799348,-0.00286641006767252,0.017165960396406,0.0017921249777801,-0.000534442533307958,0.0122806580713168,-0.00624770591771758,-0.00431109971012693,-6.23528288037656e-05,-0.000636803429305342,0.000135611184808221,-0.0053144381277305,0.00433268352052873,-0.00355672198062574,-0.00707243934856603,-0.000371921325361543,-0.0010268149976033,-0.00289645071776588,-0.0058204876396008,6.67735095019305e-05,0.00100180967574066,0.00104209702813096,0.000178007974940579,0.00118121198697369,0.000102361333424444,-0.00146159860808687,-0.000503283628811183,0.000237408716313768,6.63887625069235e-05,-0.000114251725224539,0.642208970702619
2.36014439700635,-1.01884549601725,-0.00901392367183721,0.708757889108518,-0.0533690372695474,-0.000173974075779063,0.577708155863239,-0.113747002221952,0.202944553692793,0.117925914599732,0.249941071530314,-0.384639714993574,-0.0387383457780915,-0.210192612278468,0.314749318653353,0.248770962499826,0.38854741933688,0.712877020408737,-1.41939522338009,-0.306821405902254,0.184108701357343,-0.527203091005769,-0.286483492010009,-0.576383636581676,0.270519547650298,0.724815063722211,0.297846103392924,-1.08987440055743,0.287749506407197,-0.23457490473988,0.20659553314065,-0.284758513571653,-0.623158713785202,0.356568164606963,0.733985575047287,-0.26658090373911,0.0998698872728261,0.285346154270226,-0.134464611810468,0.28720315594472,0.255896932170024,0.232359521726915,-0.0454481925538645,-0.106839486121559,-0.0481708539830756,0.135948199062109,0.110676600546051,0.0882043097130852,0.0913388114718844,-0.114515057232776,0.202224570482182,0.241097810496193,0.195161893160767,-0.0172080166275444,-0.0517241987595431,0.0273416059099377,-0.135915101913185,-0.108131190217277,-0.0460162752403539,0.190286936815681,0.116571360276789,-0.0335875936105345,0.0581591372880905,0.0308476488142225,-0.130923177789598,0.094401545686334,-0.0863932490904072,-0.0397140149703214,-0.00510499255587164,-0.0541201476909102,0.0597521231121525,-0.0512493580480669,0.00705109929049121,-0.0756403043613627,0.0255937112140722,-0.0138077886059668,-0.0217755479380724,0.0308166551413503,0.0787365102400281,0.00620534828570236,-0.0304793954285382,0.0253417180864204,0.0425937852764457,-0.0303558408311819,-0.00495304179916148,0.0430945069474288,-0.0165638306713708,0.0795414858263564,0.0397285512345286,0.0256789484747474,0.0119969069245538,0.00832263381707528,-0.0355243075429162,0.00610406347473345,0.00327201780137209,0.0174940298808299,0.0219102267276035,-0.0316221279434834,-0.0312962421288146,-0.0259617885564831,0.0108680255393483,-0.00682016211131938,0.014706032681974,0.00126477541749126,0.00457472814304893,-0.00197785237459986,0.0132676733688384,-0.0076091282415787,-0.00903042815215388,-0.00230926118965186,0.0121837538663384,0.00295671792000699,-0.00146788517807257,0.00285221437771195,-0.00997587349413585,-0.000347840640619752,0.00924560235179118,0.000741492749962883,0.00232043082280918,0.00285531049540752,-0.00191713086412692,0.000136159864842173,-0.000766553324491508,-0.00183397029671368,-0.00252434416138697,-3.61592627583941e-05,-0.000702210389879296,0.000223756340480077,-0.00073834566637807,-0.00060883546948476,4.1931490319214e-05,0.000229518002229472,0.000212409803783421,-0.000133850045156983,4.02140035215867e-05,0.866995073891626
5.13333382518985,5.88542694194975,1.93045993969516,-1.57028296033673,-1.06477837967038,0.728495960840873,-0.627327700155642,-0.0947651494478963,0.138933032036158,0.234732536864317,0.49955131587549,0.599632631190109,0.0888624115996163,0.244549623002704,0.238575903491595,-0.0122984194494657,-0.294628310462562,0.232164513090862,-0.0199930855479909,-0.347990960642812,-0.113635802142206,-0.0327523309878647,-0.117293535291254,-0.237870336238016,0.0392862364241754,-0.102626573779488,-0.0981524057818212,0.0409383614713843,0.0751495074683526,0.0318477668369694,-0.0227052121752708,0.0392114356720484,0.0525885815735562,-0.0454994084944639,-0.0855859287469227,0.0609649828496839,-0.00712918828145469,-0.0104553445107803,-0.0514658517204766,0.000730537151659992,-0.0288471987598154,0.0630565272590214,-0.0709278632001859,0.0253266097041005,0.0323773557766302,0.0382508614390852,0.0299454890642008,-0.00665090794183745,-0.0570928582039498,-0.0259944706556385,0.044030475723039,-0.00218985745661528,0.0287352016209515,0.0347549427892262,0.00146974790354849,0.0220203009692769,0.023002216606338,-0.0303664329195843,0.00628904043920147,-0.00333259926053664,-0.00371814476258495,-0.0407494753448258,-0.0115469788792606,0.0257848504409985,0.00616547786924496,-0.0110920171663023,0.00956783063356468,-0.0172831275815023,-0.0162330496365212,0.0184110352277727,-0.0235405890379944,0.00309334677006799,-0.00372194611213203,0.00584614329607487,0.00345001556474066,-0.00151001309793605,0.00964113632018073,-0.00442085813210087,0.0146337428304138,-0.00644008275692677,-0.0155178448947362,-0.0177421948858902,0.00434623547266083,-0.00824041062547792,-0.0104599321130928,-0.00419870039866176,0.00848391302388052,0.00793142720452301,0.00362692271523987,-5.86131923347824e-05,-0.00870029984592793,-0.00206635851420262,0.00453158551102352,-0.00848821830851439,-0.00052854037041342,-0.00211285170579874,0.000649128274299885,0.00171835989579233,-0.0109567265502662,0.00718929566786826,0.00291134127517255,-0.00193300666719163,-0.00232461314874586,-0.00110897767140392,-0.00196662323291819,-0.00325349985887593,-0.00174135039844327,0.0017532280548714,-0.00216486827925935,-0.00454277960349831,-0.00189422263877228,-0.00070997199778582,0.00114053546038683,6.69707774795123e-05,0.000997678136138298,0.000299345404431406,0.000907624436444933,0.00133017432331257,0.000366311241465291,0.00129465683358059,-0.000602956985410806,0.00023290668044507,0.000538447160213288,0.000469928253949808,0.000206303942290027,-0.00031964447609233,-9.66509956489808e-05,5.87329180472994e-05,0.000182875818792626,8.36371292516954e-05,-0.000173824081912775,-3.24890762824432e-05,1.29241978952094e-05,6.71223846506661e-05,1.18423354075899e-06,0.750842623800881
0.493663703970014,-0.568078751867409,0.302749992306669,-0.101790323402912,1.07982073743861,0.482105434459273,0.025716573685105,-0.10787388990221,-0.195123401323839,-0.0969775999053778,-0.347906786479386,0.16963705173023,-0.176164307084921,-0.101552130654051,0.421183338830451,-0.177152367870589,-0.489615043340585,0.390176592878192,0.465851786357159,0.100525349288563,-0.37640808321232,-0.199140927733549,-0.252807196582718,-0.0836049037565597,-0.343099307080031,-0.0695329496798222,-0.206968455199024,0.0785447494820777,0.33076077713615,0.521398830654221,-0.434017457481126,0.422396645682919,-0.134252209683182,0.383362624977455,0.147198748225015,-0.350032427238231,0.234416609548339,0.0424937878124511,-0.117381936884348,-0.249482140300573,0.170506887162235,0.104528144359912,-0.107747967001592,0.195875579561695,-0.0328746882519996,-0.0177172593815745,-0.045758777452806,-0.00430274090638877,0.344197829757319,-0.173304507781122,-0.136938890728135,-0.0487457021355778,0.0981126908228585,0.100674298992987,0.114620728933246,0.173077725562027,0.0760816083249663,0.16068071622753,-0.0344873735336858,-0.172290187815541,0.0836157934417205,0.023100033380938,0.0931048168074517,-0.0486913873968474,-0.252407402013183,-0.117483857168012,-0.0520787275217611,-0.0812255827351312,-0.0141647647929002,-0.221619042942024,-0.159608634781911,0.109927043051581,0.0170858800090973,-0.0040246368475666,-0.153672319914609,-0.164726589235273,-0.050995325610087,-0.166119893756177,0.142508348193382,0.147387181864486,-0.150704747379983,-0.0174776288197514,-0.0408646200210512,-0.0515742646792995,0.15656831402877,0.025826802359227,-0.135327480050521,-0.193856339523935,0.158679997284684,-0.0590188747721587,-0.0814134811102324,0.000254038754974426,0.0678113806226661,-0.0337512793880933,-0.0146365645328972,0.116560532586874,0.0837720817041158,-0.128307013157692,-0.0305056509317313,0.0423382279413348,-0.038632619080321,0.114338182381755,-0.052831631903242,-0.0161207155077289,-0.036324150050457,0.019320019646601,-0.0497521913230268,-0.0112421811737785,-0.0130584953393198,-0.0562322236272097,-0.0290369310335636,0.0490580998083975,-0.0279689426563459,-0.0102255101726253,0.00324980661790756,0.0629424670756595,0.028891222254694,0.00590502293273802,0.0197693735640523,0.00451051310284511,-0.02335602878723,0.00633884851658278,-0.0143102551232625,-8.66437953861296e-05,0.00615707414477088,0.0104344567732863,0.0101193898305534,-0.0059063361326173,-0.0131503123253051,0.00565656710524298,-0.0150245952915595,-0.00561959566706573,-0.00144826060947785,-0.00189041296411851,0.00152966630608876,0.426238008815141
1.87423209358528,-1.02656370858589,0.156318898468637,-0.0946560274007523,0.511131664430285,0.0474679560804647,0.147924100035332,0.610356298008106,-0.517952495293735,-0.139928749737581,1.3928419301861,-1.78572579362126,0.12576735498325,1.82474394228456,-0.363326535305804,0.754576197012924,0.128608054221238,-0.072573143870347,1.35079865164689,-0.0671966208786395,0.107700769452884,-0.586065527473657,-0.647125199676083,-0.441948042542875,-0.093927696701721,0.0395023389637458,0.129303091149791,0.242556545105116,-0.104129922365014,-0.697532225690067,0.122509457359218,0.183328977687998,-0.0532020450747285,-0.182173625261058,0.186788381134339,0.0136584748105728,-0.0482806585346905,0.0370983780322618,-0.0661834291853747,0.0464659726480146,0.0573472407604755,-0.196827723653019,0.0179253757312792,0.0463494759512663,0.163064261656225,-0.0230953847139334,0.0958847596707183,0.133012360956546,0.0107416060661821,0.034189524240418,-0.0474094903517892,-0.0163339822024514,0.0219879671346672,-0.0782604916937611,-0.0492200250454887,0.0276316050530337,0.00098254589288377,-0.0283784616973199,0.00303260887422346,0.0034054227380748,0.00571708497630908,-0.00484311034991129,-0.0966296725315454,-0.00144651851483276,0.026081766337082,0.0583978112784361,0.0788049233135838,0.0205116990176186,-0.0235765493431061,0.0117243158676099,-0.0107677955919533,-0.0634907290685241,-0.0913100379496102,0.0254689858120233,-0.0378757671303889,-0.0105233488681533,0.0148650942088087,-0.0143916265101595,-0.0493678822838285,0.0500768999704309,0.0177138974223242,-0.00812468996588526,-0.0528576054675374,0.000904151205086326,0.0461934213556454,-0.0172126048703384,0.00695930922199181,-0.0455770102384612,0.0107554926368835,-0.0614790870173082,0.00818785644118841,-0.0129481467372515,-0.0205570335799396,-0.0174754321928196,0.00530371990344167,0.0238135606435628,0.00983745875191913,-0.0213702010635201,0.00371723374636477,0.0148225945982316,-0.0129770939245983,0.0057979154953852,0.000322890553902672,-0.0227722446470095,0.0114788387770705,-0.0234109003056421,-0.00588213479297215,0.00382525083722365,-0.00225523476738528,0.00679320009164378,0.00342989253355385,-0.0102420595945451,0.0148431435869119,-0.00939575997705811,-0.00529642283060653,0.00380634025369458,-0.00661306702762037,0.00393265992140766,-0.00438215033551474,0.00249582504401283,0.00168848353057878,-0.00263938462092221,0.00069153003198661,-0.000175715891877289,0.00170469269957041,0.00226052468888051,0.00082206894917642,-0.000231845347418814,-0.00071340947150729,-0.000341408814233932,-0.000568082345654309,0.00051099843445337,0.00012800113301314,-0.000243629106677881,8.12703535849508e-05,0.826030593725694
-0.363563431890048,0.245820897380043,0.15135959109602,0.222125634483874,0.507695169997911,0.169816358595202,0.059941478556264,-0.0396871378929442,-0.101109978238575,-0.132692109303568,0.174472165289384,-0.0153952647104147,-0.199218223619813,0.195926754020098,0.252475072191402,-0.092804660154408,-0.00130624107418671,0.0487109777082776,-0.000778820434603084,-0.163910650797481,0.114476534602971,0.117128057259248,-0.231571557287187,0.249401115487619,-0.0595695725242403,-0.0452836276109115,0.0493716287169118,-0.144748013017776,0.0354753996185005,0.185418182293375,0.0801442349805022,0.106113982513388,0.00222736739753227,-0.0651193784092319,-0.122557977075688,-0.0306521675600434,-0.101726178923958,-0.047887996976101,0.133484405113531,0.0251658133422567,-0.0963456732329439,0.0518555057200456,-0.0975700854132849,-0.0424909359481785,-0.104388031456242,-0.0925509149795822,-0.0155545577927572,0.126549833190306,0.316225974313974,0.0230243552284333,-0.0875837789282206,0.02202982183596,0.121596680265639,-0.0225087888255404,0.186220670725077,0.0411187231487306,0.0504402175345197,0.156250464292102,-0.103215860511829,0.0655279765860389,-0.084069895671017,0.0304104229359861,-0.137885322932568,-0.136621975847128,-0.0220727054766169,0.141886137517803,-0.0468948101115247,0.0876789735654265,0.0103753807534016,0.0185376024719443,0.0197735876413618,-0.120342793068183,-0.00415313603021407,-0.142522740090029,-0.00958700586133308,0.0256294207261406,0.111175065466922,-0.0701071055701146,0.0410413323778145,-0.0153873061283596,-0.0760858581559495,0.0515716541231455,-0.00649078297108075,-0.0984146187425089,-0.178009870326859,0.0260324659787797,0.00674693632318431,0.0317442568592272,-0.0493651453880713,0.0933040961726243,0.0246929711381575,-0.177489042162897,-0.0298836626754259,-0.0744956948236658,0.0284336232772962,0.134171990485343,-0.0396472043065023,-0.0865212581505609,-0.0100438357480929,0.047085843788588,0.114894225528942,0.0608330903575885,-0.0709744816430125,0.117475499281922,0.0967310154627494,0.0747648682493307,-0.0981770805910016,0.0213428683478699,0.202966593775682,-0.00550188298852993,-0.00348445460224641,-0.0435260557455237,0.0276801714816257,-0.00711496330922379,0.0988879765818024,-0.0550650282771697,0.0758899625258835,0.0171816056668998,-0.053712813942232,-0.0258362615790566,0.0656254519154357,0.014638166022922,-0.0341444864061339,-0.0103483169903771,-0.0253548625460091,-0.0188967794522906,-0.0118199699260006,0.000877306640453206,-0.00238945042309711,-0.0151539513974488,0.0169895074984743,-0.0023514859933272,-0.00162461727359365,0.00148718960411425,-0.00499493416310663,0.442312678247342
-0.764230822722333,0.35824034236934,0.236654490820158,-0.42074741501437,0.2615426547604,-0.641184370023301,0.0728542522408011,-0.130441979438335,-0.200935181931695,-0.233671449058429,0.0732197847617678,-0.195111116116757,-0.213751202769909,-0.0605046852724743,0.29680059607675,-0.16393957314246,0.293579838614477,0.170755535244454,0.0330669212713532,0.0683641084925188,0.331053372289067,0.146946853272912,-0.0934455769762409,0.109355251106836,0.118439117234296,-0.245818711900048,-0.048721431259883,-0.138126792842039,-0.0316725670483199,-0.0309260746886721,-0.167392466642654,0.239688269211217,0.19588211888168,-0.134276395475116,-0.0497302125790171,-0.0268548751787167,-0.288343641476536,0.0398306333531538,-0.128449527910458,0.184135070919058,-0.0305119937045595,0.134567137390302,-0.110137986854856,-0.00252841052066935,0.195154927530791,0.12469403631935,0.0266726277131925,0.0587231553752066,0.0758755987771085,-0.0603172831082651,0.064941756211635,0.0457546353842332,-0.0571132019122206,-0.0568321160381841,-0.0362240244774654,0.0237254229653459,-0.261030894190182,0.0028588760594091,-0.208754324516253,-0.1217369415771,-0.00241167308248028,0.0409215262137062,0.04421981269003,0.0372427273395465,0.144423937555532,-0.0604027834708349,0.115444976986275,-0.185871673285777,0.0218325072583145,-0.0093785223153339,0.103742959434737,0.0889884447760547,0.0733022548910172,-0.10385724285082,0.103695020996559,0.00765255843674014,0.138955155799737,-0.00692393682844502,0.0489640269601976,-0.154031382652366,-0.0158888711789332,-0.0180321283290153,0.00609542706199376,-0.17529994176683,0.0952672338191671,-0.0835729530229575,-0.0611531663307829,0.192660585996314,0.0384116407572258,-0.0808477792914243,-0.0256418568195502,0.0764215427422505,-0.0255276763964421,-0.208163546496366,-0.0547219858799858,-0.0146976943823212,0.0477303075654864,-0.00398460617320305,0.0272373204320516,0.13730488268698,-0.150657881912274,-0.0369985534477369,-0.0550539321121036,0.0158957281159499,-0.0265378904813336,0.0240675746667947,0.000820159966680909,-0.0635403051944543,-0.0835005976991963,0.0619664133054188,0.0485579995192833,-0.00664723885508806,-0.0458952357084037,-0.0698685205773339,-0.0393747425646648,-0.00135302182694324,0.0633713231210711,0.0152195693255145,-0.0772372267468301,-0.0985521903669104,-0.0469692195161314,-0.0139400213168609,-0.0107286781841189,-0.0329748921535616,-0.0332097744928078,-0.0110519125608762,0.012601761991346,0.0212015591367873,0.00702418323114893,-0.0103325901871961,-0.00254175942947509,-0.00150849333347143,-0.000196488633478473,-0.0100541806831867,0.00527894605691132,0.554316826549131
-0.480434697752193,0.312294042315891,0.183990826060974,-0.393140899334412,-0.253963320781764,-0.712298223299739,0.678258628579248,-0.223379302180409,-0.113003002752774,-0.0376331008267161,0.0938397244118321,-0.0653161495932782,-0.0511392372447811,0.348048874297874,0.00809506579917572,0.38089498919617,-0.165598637925279,-0.193516943344389,-0.429254909957834,0.371885318333586,0.573449403098535,0.032623630467741,-0.0144380707249168,0.159241577357373,-0.142844178037072,0.332179200476387,0.052925138140962,0.325262555703669,-0.0795666869188915,0.173072017273016,-0.153005171746746,0.0275691271171787,-0.0406896256469345,-0.15353253920346,0.0277779900187809,0.50680201312045,0.104345855276493,0.402495314821603,-0.171997703026224,-0.0577033524509031,-0.0448003264612713,-0.106699177791496,0.14525292959965,-0.260346493893492,-0.125250855027337,0.013868418817899,-0.280041895897099,0.00613865028529662,0.116931107230405,-0.115485669737237,0.258492257988988,-0.0825110279463987,-0.094134609691264,-0.032095551064316,-0.315421781586511,-0.0584302970427773,0.353731387867037,-0.167264061683512,0.402768401359671,-0.150606836559427,-0.165544188073558,-0.167351864568471,-0.180477140455459,0.472174480560502,-0.0969548353534353,0.097371271809839,-0.131126545429534,0.0468815048281919,-0.0784376122419109,0.00880498196571036,0.133987782278765,-0.0732522101676601,0.127231264671909,-0.145164463329431,-0.119546533141797,-0.18931797393455,0.0824233608151908,-0.0557487671647578,0.141059963775512,-0.0772722102547158,0.0702111332137247,0.143685023005186,0.101919946932903,0.068788119436349,-0.0786938814778911,-0.00820839725689863,-0.0484857445577276,0.0227687499684836,0.0340180809833254,0.0147780757162731,-0.0294193557768405,-0.0547079952185676,0.0407297772768363,-0.0474964289863936,0.0217971731264777,-0.0483514972821802,0.00582342710443491,-0.0144448306224378,0.104228496861455,0.0577890017076578,0.0459322610844753,-0.00449946046215295,-0.0934714459109692,-0.120357252095279,0.0599894075186003,0.0451203613410232,-0.0632180452704992,-0.0790748445692197,-0.0156362104761583,-0.0217581768221269,-0.0265393072247819,0.0452722907411899,-0.047255796604058,0.000670307863726633,0.00657283688689729,0.0914265372373072,0.00302224930174326,-0.0188226499297145,-0.0148285722135043,0.0225732143423133,-0.000122451854866291,0.0189047846173498,-0.00721013083643784,0.00348121099870138,0.0121869902951666,-0.00581412688313187,0.0042243923620698,0.0016279064470491,0.000411624747792476,-0.00491633231953162,0.0056115221376494,-0.00321779594582864,-0.0013038980111344,-0.000575503350047797,-0.000321450966314576,0.818252527871403
1.79459766445115,-1.43809811657022,1.19971229906763,-1.25165372871242,-0.578100664493449,0.199523557557387,0.804497663325607,0.667920862800816,-0.506310169040345,-0.265426459589371,0.00400983408372329,-0.0247305729880341,0.111493430431633,-1.34396686955986,-1.23093320414511,0.235598681799327,-0.416591499584068,-0.766089874574123,0.345650763468306,-0.621673584915594,0.237828160401859,1.17048702968449,-0.106631775374529,0.106280065884964,-0.215988916104922,0.626099855768531,0.816820652777463,0.290548330278682,0.436640799764969,0.103959459072665,-0.250246264738297,0.326361185784424,-0.204629414682288,-0.268271482752142,0.0661686413642927,-0.236516410829501,-0.343150715221496,0.182902163833078,0.2070557198322,-0.0408098643527517,0.019511871841119,-0.0741536584151444,0.140098684988376,0.181064138594258,-0.156224361282484,0.0977454558351223,0.279143374429144,0.293267490617432,-0.00728043208136739,-0.0183258940165267,0.210817441823828,0.250859358795689,-0.220028819445646,-0.0280352381310955,-0.0698969432116175,0.0905101491738212,-0.0967600626747424,0.0664241263147179,-0.0654593389071959,0.0209381730905491,-0.0642274896971142,-0.0510369035527376,-0.0513388993848894,-0.11884961938004,-0.065081683426146,-0.13519549489299,-0.0981040558269617,0.00686379629152188,0.0422473260265049,-0.0886755746697659,0.0231337845462834,-0.00634284037232361,-0.0135007904234356,0.015368202873552,0.0230098895853353,-0.00169763831441438,0.0244792028587902,0.0428775308248295,-0.0158430539712226,-0.00334057290723338,-0.0335526829274619,-0.0382895180603096,-0.0177789284155825,0.00785846526205622,-0.0103117094930648,-0.0346922671027459,-0.000746831523893967,0.0311282523473297,0.0127933062331022,0.00896435198212018,0.0145045298071664,0.0202068180112916,0.00849302012094606,0.00795607178493951,-0.0141991278755389,0.0185183938552261,-0.000716587981076813,0.0184944377254523,0.0103151930078564,0.00148806639747666,0.00267457465673762,0.00796272404454698,-0.00969142655625832,0.00249839997946827,0.0104288947679452,-0.0039517037701481,-0.007471604304504,-0.0115381513456322,0.00696148460846248,-0.00344454871337396,-0.000513724696634199,0.00412109330162226,0.00270094887536425,0.00439736307901773,-0.000393173038823466,0.000754187585196781,0.00193696274861994,0.00575229988655325,0.000239718201372923,-0.00151165087809139,-0.00257859688972712,0.000898646442299649,-0.00185880397546715,0.00120959054070197,-0.000722565558430186,-0.000389574458328534,-0.000499345363125874,-0.000133976823762931,0.000119057636546931,0.000181161223299699,0.000607848303819716,0.000221472752255855,0.000163405530125524,0.000118845200769083,-3.86494004815267e-05,0.475499092558984
0.899497953270644,-0.525737549907951,0.950890247705587,0.881159861859025,-0.235936865883059,0.593188491975211,0.356676874012821,0.133012427854592,-0.214887508462196,-0.246086612735347,-0.0755901345888305,-0.062782985356131,-0.392648127606141,-0.514377961831266,0.0398877688149251,-0.133145869004116,-0.157669684903149,-0.0988918366155109,0.128566271369905,0.0513380677245181,-0.339415924429759,-0.105545534047515,0.0373282910021716,0.150638097617509,-0.219822576530777,-0.205545724610751,-0.160010903415854,-0.0415597676942729,-0.0457741670257397,0.0775757215766044,0.256975051436857,0.0880863184017581,0.120866815309084,0.0427907638725438,0.151139898525351,0.282521994170472,-0.0770664418829049,0.182098941621772,-0.294542518898254,-0.288750662604485,-0.128396615538833,0.0449433728509405,-0.0352714617181016,-0.322649290759444,0.352507673428371,-0.0999432329388896,-0.13239038753606,-0.025805235455545,0.242045528173168,0.61077207048487,0.0929664875584252,0.0789714588292466,0.12243687158943,-0.227323128116796,-0.032878360816918,0.257796035674507,-0.146771396968109,0.0643041193445438,0.343231664761429,0.235186343411631,-0.155662062804681,-0.115548425890303,0.343280300293067,-0.0321436440862083,0.201023921871652,0.0982965610690542,-0.0657788931981358,0.0778894343277648,0.230043127515578,0.115191342406096,-0.0268363002808801,-0.0918370315516938,0.0320816854023846,0.0769506880820843,0.126556536305873,0.0511789938937604,0.0288351012770832,-0.0815604650724088,0.145710841135752,0.0808893016660049,0.329284791533305,0.0233474902233784,-0.198207927107684,-0.156658280508227,-0.0388693623814413,-0.036119335597366,-0.153835653386894,-0.0124329760334479,-0.068675305911883,-0.0239455205348292,-0.0779669804908778,-0.0680528956184699,0.178043533095824,-0.000123702911245366,0.174799723108292,0.0853334498978019,0.0586376733519709,0.0225065245074462,0.0295200527731052,-0.0934585000045425,-0.0456554736711562,-0.0671213275550703,0.0472010060727363,-0.00566576674048396,0.0109260839817594,-0.0723610397477446,-0.00595699173289366,-0.0321020180893223,-0.012299827067079,0.00127329600687111,0.0138973818445779,0.0128936508095007,-0.00121178306803306,-0.0134338158691774,-0.00433803336307623,-0.000991391028434215,0.0170150985884518,0.00185126748610831,-0.00212472596801994,0.000282357124241656,-0.00577543326069555,-1.55699893132243e-05,-0.0017390301083764,3.36344244768117e-05,-0.00166182399269927,-0.000364286281666841,-0.000718672331773787,-0.00179683046710225,2.29981930808038e-05,-0.00106083253697103,-0.00063490911749488,-1.80947773239485e-05,-9.62221125192233e-05,0.000974399432643067,0.000153013937116454,0.336012444905367
0.927632600503784,-0.508950158496149,0.846310189863924,0.902109895745279,-0.343824097614747,0.372055122262735,0.161430705491007,0.191205526847023,-0.151877254184326,-0.290256769421794,0.0894181658186618,-0.308099017823628,-0.195828748540601,-0.253381435301772,0.0566173719500728,-0.0957519695578601,0.196404592851041,0.0176535680887747,0.00860616591448953,0.209060086164725,-0.124938206983339,0.189844220092924,0.126704766010187,0.166690751657573,-0.0936037284694019,-0.283233482040966,-0.228990869696595,0.0723846087476603,-0.00380662618643083,-0.0432186921561426,-0.0521990442757926,0.014500522879784,-0.0138218683454448,0.159300978631641,-0.0890266590404301,0.161957243174895,-0.179953225918456,0.141348161998522,0.0522355352245795,-0.123087602510874,-0.174336190990107,0.144826489831249,0.00350143857874704,-0.246174785242557,0.442711342670786,-0.0600407775061856,-0.0954462762334067,-0.0305786644489141,0.356634691151117,0.25346906420722,0.136996965212538,0.0357132700334995,0.0918572190990779,-0.134742301520483,0.111384538808728,0.111934742809362,-0.0462547920542249,0.00661944001853535,0.0708635811215194,0.0839922290285509,-0.0974152630819453,0.00206541936538299,0.0287290647815811,-0.0195575752988669,-0.0388877541506993,-0.114884158225127,0.0253551544589786,-0.157171782259374,-0.0779867990878175,0.0208578208744177,0.0924343507184445,0.0757459425448399,-0.0750979277359763,-0.217294528140201,-0.16439274741904,0.0770615507688019,-0.00662381678758958,0.0858051096565317,-0.243511120863883,-0.0626578654264356,-0.00474978831077707,-0.0548159901057911,0.128995211979813,0.0735610432713388,-0.0097569488994863,0.0862184726649895,0.201049761712643,-0.0974789904316193,0.026161265653884,-0.0487116499211958,0.070979522061414,-0.0328065419144633,-0.150234404094792,-0.0428215990442752,-0.162696462575302,-0.224597409553734,0.106330663767164,-0.0232734631489273,-0.0921294624318285,-0.0317903504641364,0.0910986242333111,0.0175175008233049,0.0411046633200206,-0.0230615754552709,-0.0995108207070877,0.0898515230260905,-0.0433794002434078,0.0176057165973686,-0.0588598536544677,-0.00342938166172669,-0.0403209566648367,0.0908121847206505,0.0334802434152271,0.0441562303779664,0.0127949331091238,-0.0102536451037015,0.0891551016967057,-0.0215632180722985,0.00573319685599939,-0.024256384774802,0.0132018312795658,0.0132934736988275,0.00579449171838384,0.0475987945454711,0.0154396463629784,0.0144373844245765,-0.0216632734480701,0.0108078574217571,-0.00778069396890847,-0.00156788663352246,0.00300302909841109,-0.00278866337303938,-0.000784843696553294,-0.00167967406948048,0.00245132730540121,0.446460980036298
-0.790614997085935,-0.057032753805119,0.360760039904998,-0.755138127671317,-0.141439902184759,-0.622238439740166,-0.00494747323683761,0.129374119273143,0.0262726955067304,0.118476367694073,0.184665553246665,-0.0155453285067741,0.0194561617277244,-0.129689970881984,-0.0155869548208063,0.0218876531654759,-0.0055186043061803,0.0771675894290423,0.0292477899525335,-0.338225626485021,-0.147358213096829,-0.131476220293613,0.120556347243868,-0.132442873204813,0.110257916752746,-0.10449741525211,-0.0314959987319902,-0.102381999565312,-0.0193022548820286,0.015944054499081,0.0983336680487908,-0.139813155504422,0.0182638545966184,0.154534874282506,-0.0476572004925887,0.00458349255277736,0.160661527802801,0.0292789112743093,-0.085126942889192,-0.147829324618929,-0.130872959771268,-0.363538727107929,0.106674995882007,-0.0260063588076745,-0.124775330500433,-0.0951348153815546,-0.107526831924084,0.0132439435103721,-0.062282125473408,0.216589091943592,0.195096124669164,-0.108135561499127,-0.0359101960536681,0.0427551422214735,0.180176561186524,-0.0622957859211859,0.0670722204979231,-0.0128777866802105,-0.116809216704936,0.0441235508289651,-0.0868719381672255,0.0278381520119116,-0.100472290903496,-0.0339028983345166,0.0269039994450474,-0.0885941213856902,-0.106895816911142,0.00814949314021632,0.125591796394726,0.0899570977133124,-0.114341471430788,0.00929600853640906,0.0335141820245441,-0.0431840781932115,-0.121153561400666,0.185621576668174,-0.00366624643238114,-0.0729889560906315,0.246485888435786,0.0732869332744673,-0.0771967374838839,-0.0246821423255434,-0.0562128879228072,-0.063696898011928,0.0705222252217575,0.0804778607003649,0.112087206094014,0.0359782115212375,0.10743510303402,-0.115784510321693,0.0627898189983631,0.0244651622628256,-0.00228978738736134,0.15169946183555,-0.115265607101622,-0.0213479326845883,0.0836058629608104,-0.0189630867198116,-0.0463791343921682,-0.157148801332569,-0.0710901430421995,0.0566848304661133,-0.00931145817199036,-0.12359971744928,0.190625238073607,0.0782349193601985,0.112856616040682,0.0702029892603398,0.0846219365250441,0.0849991417766145,0.0362322605715528,0.117445492919153,-0.0341744647600264,-0.093092230852634,-0.0217488327963884,0.000689749684249112,-0.00470328227713832,0.035405444589497,-0.0437773496043836,-0.00753446530329788,-0.00701257363614136,0.0366149696264355,0.0246281165538581,-1.23720543986466e-06,-0.00838149621627669,0.0332755510745367,0.00591355529557294,0.0109455772272559,0.00383018911048247,-0.0064412854857085,0.0105608246263548,0.00491587924297886,0.00670321607466087,0.00397637876499475,-0.00071474580819329,0.303863106040964
